0.000000 5.999240
0.005000 5.999240
0.010000 5.999240
0.015000 5.999240
0.020000 5.999240
0.025000 5.999240
0.030000 5.999240
0.035000 5.999240
0.040000 5.999240
0.045000 5.999240
0.050000 5.999240
0.055000 5.999240
0.060000 5.999240
0.065000 5.999240
0.070000 5.999240
0.075000 5.999240
0.080000 5.999240
0.085000 5.999240
0.090000 5.999240
0.095000 5.999240
0.100000 5.999240
0.105000 5.999240
0.110000 5.999240
0.115000 5.999240
0.120000 5.999240
0.125000 5.999240
0.130000 5.999240
0.135000 5.999240
0.140000 5.999240
0.145000 5.999240
0.150000 5.999240
0.155000 5.999240
0.160000 5.999240
0.165000 5.999240
0.170000 5.999240
0.175000 5.999240
0.180000 5.999240
0.185000 5.999240
0.190000 5.999240
0.195000 5.999240
0.200000 5.999240
0.205000 5.999240
0.210000 5.999240
0.215000 5.999240
0.220000 5.999240
0.225000 5.999240
0.230000 5.999240
0.235000 5.999240
0.240000 5.999240
0.245000 5.999240
0.250000 5.999240
0.255000 5.999240
0.260000 5.999240
0.265000 5.999240
0.270000 5.999240
0.275000 5.999240
0.280000 5.999240
0.285000 5.999240
0.290000 5.999240
0.295000 5.999240
0.300000 5.999240
0.305000 5.999240
0.310000 5.999240
0.315000 5.999240
0.320000 5.999240
0.325000 5.999240
0.330000 5.999240
0.335000 5.999240
0.340000 5.999240
0.345000 5.999240
0.350000 5.999240
0.355000 5.999240
0.360000 5.999240
0.365000 5.999240
0.370000 5.999240
0.375000 5.999240
0.380000 5.999240
0.385000 5.999240
0.390000 5.999240
0.395000 5.999240
0.400000 5.999240
0.405000 5.999240
0.410000 5.999240
0.415000 5.999240
0.420000 5.999240
0.425000 7.508180
0.430000 14.409230
0.435000 14.346670
0.440000 14.284110
0.445000 14.243110
0.450000 14.228200
0.455000 14.225670
0.460000 14.233590
0.465000 14.264570
0.470000 14.307630
0.475000 14.320680
0.480000 14.317400
0.485000 14.303570
0.490000 14.270580
0.495000 14.239900
0.500000 14.231300
0.505000 14.231970
0.510000 14.239260
0.515000 14.260140
0.520000 14.285930
0.525000 14.298190
0.530000 14.305570
0.535000 14.310780
0.540000 14.304610
0.545000 14.291400
0.550000 14.287040
0.555000 14.287640
0.560000 14.290980
0.565000 14.300160
0.570000 14.311160
0.575000 14.311640
0.580000 14.306230
0.585000 14.299750
0.590000 14.289930
0.595000 14.278170
0.600000 14.271810
0.605000 14.268760
0.610000 14.267870
0.615000 14.271160
0.620000 14.277630
0.625000 14.280850
0.630000 14.281350
0.635000 14.281180
0.640000 14.281380
0.645000 14.282800
0.650000 14.287380
0.655000 14.299060
0.660000 14.325000
0.665000 14.375940
0.670000 14.469810
0.675000 14.642330
0.680000 14.955490
0.685000 15.510450
0.690000 16.466300
0.695000 18.055530
0.700000 20.487690
0.705000 23.428050
0.710000 26.020790
0.715000 27.894340
0.720000 29.126460
0.725000 29.893920
0.730000 30.352520
0.735000 30.616810
0.740000 30.768010
0.745000 30.856800
0.750000 30.909940
0.755000 30.943370
0.760000 30.969310
0.765000 30.993360
0.770000 31.009260
0.775000 31.015660
0.780000 31.014270
0.785000 31.005990
0.790000 30.989680
0.795000 30.969910
0.800000 30.952180
0.805000 30.933060
0.810000 30.893610
0.815000 30.739550
0.820000 29.964390
0.825000 26.334280
0.830000 15.830050
0.835000 7.106420
0.840000 5.961490
0.845000 5.961490
0.850000 5.961490
0.855000 5.961480
0.860000 5.961470
0.865000 5.961430
0.870000 5.961340
0.875000 5.961140
0.880000 5.960730
0.885000 5.959940
0.890000 5.958660
0.895000 5.957220
0.900000 5.956260
0.905000 5.955740
0.910000 5.955490
0.915000 5.955370
0.920000 5.955320
0.925000 5.955300
0.930000 5.955290
0.935000 5.955290
0.940000 5.955290
0.945000 5.955290
0.950000 5.955290
0.955000 5.955290
0.960000 5.955290
0.965000 5.955290
0.970000 5.955290
0.975000 5.955290
0.980000 5.955290
0.985000 5.955290
0.990000 5.955290
0.995000 5.955290
1.000000 5.955290
