0.000000 5.999240
0.005000 5.999240
0.010000 5.999240
0.015000 5.999240
0.020000 5.999240
0.025000 5.999240
0.030000 5.999240
0.035000 5.999240
0.040000 5.999240
0.045000 5.999240
0.050000 5.999240
0.055000 5.999240
0.060000 5.999240
0.065000 5.999240
0.070000 5.999240
0.075000 5.999240
0.080000 5.999240
0.085000 5.999240
0.090000 5.999240
0.095000 5.999240
0.100000 5.999240
0.105000 5.999240
0.110000 5.999240
0.115000 5.999240
0.120000 5.999240
0.125000 5.999240
0.130000 5.999240
0.135000 5.999240
0.140000 5.999240
0.145000 5.999240
0.150000 5.999240
0.155000 5.999240
0.160000 5.999240
0.165000 5.999240
0.170000 5.999240
0.175000 5.999240
0.180000 5.999240
0.185000 5.999240
0.190000 5.999240
0.195000 5.999240
0.200000 5.999240
0.205000 5.999240
0.210000 5.999240
0.215000 5.999240
0.220000 5.999240
0.225000 5.999240
0.230000 5.999240
0.235000 5.999240
0.240000 5.999240
0.245000 5.999240
0.250000 5.999240
0.255000 5.999240
0.260000 5.999240
0.265000 5.999240
0.270000 5.999240
0.275000 5.999240
0.280000 5.999240
0.285000 5.999240
0.290000 5.999240
0.295000 5.999240
0.300000 5.999240
0.305000 5.999240
0.310000 5.999240
0.315000 5.999240
0.320000 5.999240
0.325000 5.999240
0.330000 5.999240
0.335000 5.999240
0.340000 5.999240
0.345000 5.999240
0.350000 5.999240
0.355000 5.999240
0.360000 5.999240
0.365000 5.999240
0.370000 5.999240
0.375000 5.999240
0.380000 5.999240
0.385000 5.999240
0.390000 5.999240
0.395000 5.999240
0.400000 5.999240
0.405000 5.999240
0.410000 5.999240
0.415000 5.999240
0.420000 5.999240
0.425000 7.050340
0.430000 14.415300
0.435000 14.380090
0.440000 14.314870
0.445000 14.271770
0.450000 14.251050
0.455000 14.243510
0.460000 14.242140
0.465000 14.251950
0.470000 14.275860
0.475000 14.299170
0.480000 14.303870
0.485000 14.302030
0.490000 14.291150
0.495000 14.269400
0.500000 14.250910
0.505000 14.245860
0.510000 14.245800
0.515000 14.251500
0.520000 14.265220
0.525000 14.281510
0.530000 14.289980
0.535000 14.295600
0.540000 14.299790
0.545000 14.300120
0.550000 14.295480
0.555000 14.293920
0.560000 14.294220
0.565000 14.295770
0.570000 14.300000
0.575000 14.305850
0.580000 14.307280
0.585000 14.304070
0.590000 14.298780
0.595000 14.291830
0.600000 14.284250
0.605000 14.278790
0.610000 14.275670
0.615000 14.274160
0.620000 14.275010
0.625000 14.278580
0.630000 14.284810
0.635000 14.293600
0.640000 14.305840
0.645000 14.324010
0.650000 14.353350
0.655000 14.402890
0.660000 14.486730
0.665000 14.625200
0.670000 14.846130
0.675000 15.185360
0.680000 15.685330
0.685000 16.398340
0.690000 17.381520
0.695000 18.689780
0.700000 20.365260
0.705000 22.425760
0.710000 24.810150
0.715000 26.860300
0.720000 28.306580
0.725000 29.285990
0.730000 29.926740
0.735000 30.332480
0.740000 30.583600
0.745000 30.736390
0.750000 30.826830
0.755000 30.880950
0.760000 30.913200
0.765000 30.935700
0.770000 30.952820
0.775000 30.963180
0.780000 30.965840
0.785000 30.961330
0.790000 30.951800
0.795000 30.936900
0.800000 30.918900
0.805000 30.893300
0.810000 30.837930
0.815000 30.635360
0.820000 29.756540
0.825000 26.282790
0.830000 17.172740
0.835000 7.751370
0.840000 5.946110
0.845000 5.946100
0.850000 5.946100
0.855000 5.946080
0.860000 5.946040
0.865000 5.945950
0.870000 5.945770
0.875000 5.945390
0.880000 5.944700
0.885000 5.943490
0.890000 5.941650
0.895000 5.939960
0.900000 5.938720
0.905000 5.937890
0.910000 5.937380
0.915000 5.937100
0.920000 5.936950
0.925000 5.936890
0.930000 5.936860
0.935000 5.936850
0.940000 5.936840
0.945000 5.936840
0.950000 5.936840
0.955000 5.936840
0.960000 5.936840
0.965000 5.936840
0.970000 5.936840
0.975000 5.936840
0.980000 5.936840
0.985000 5.936840
0.990000 5.936840
0.995000 5.936840
1.000000 5.936840
