0.000000 5.999240
0.005000 5.999240
0.010000 5.999240
0.015000 5.999240
0.020000 5.999240
0.025000 5.999240
0.030000 5.999240
0.035000 5.999240
0.040000 5.999240
0.045000 5.999240
0.050000 5.999240
0.055000 5.999240
0.060000 5.999240
0.065000 5.999240
0.070000 5.999240
0.075000 5.999240
0.080000 5.999240
0.085000 5.999240
0.090000 5.999240
0.095000 5.999240
0.100000 5.999240
0.105000 5.999240
0.110000 5.999240
0.115000 5.999240
0.120000 5.999240
0.125000 5.999240
0.130000 5.999240
0.135000 5.999240
0.140000 5.999240
0.145000 5.999240
0.150000 5.999240
0.155000 5.999240
0.160000 5.999240
0.165000 5.999240
0.170000 5.999240
0.175000 5.999240
0.180000 5.999240
0.185000 5.999240
0.190000 5.999240
0.195000 5.999240
0.200000 5.999240
0.205000 5.999240
0.210000 5.999240
0.215000 5.999240
0.220000 5.999240
0.225000 5.999240
0.230000 5.999240
0.235000 5.999240
0.240000 5.999240
0.245000 5.999240
0.250000 5.999240
0.255000 5.999240
0.260000 5.999240
0.265000 5.999240
0.270000 5.999240
0.275000 5.999240
0.280000 5.999240
0.285000 5.999240
0.290000 5.999240
0.295000 5.999240
0.300000 5.999240
0.305000 5.999240
0.310000 5.999240
0.315000 5.999240
0.320000 5.999240
0.325000 5.999240
0.330000 5.999240
0.335000 5.999240
0.340000 5.999240
0.345000 5.999240
0.350000 5.999240
0.355000 5.999240
0.360000 5.999240
0.365000 5.999240
0.370000 5.999240
0.375000 5.999240
0.380000 5.999240
0.385000 5.999240
0.390000 5.999240
0.395000 5.999240
0.400000 5.999240
0.405000 5.999240
0.410000 5.999240
0.415000 5.999240
0.420000 5.999240
0.425000 7.880200
0.430000 14.425340
0.435000 14.344750
0.440000 14.261230
0.445000 14.192680
0.450000 14.186590
0.455000 14.197160
0.460000 14.226770
0.465000 14.272930
0.470000 14.328320
0.475000 14.359080
0.480000 14.349720
0.485000 14.318750
0.490000 14.266590
0.495000 14.207140
0.500000 14.182100
0.505000 14.191210
0.510000 14.216400
0.515000 14.257670
0.520000 14.307940
0.525000 14.344580
0.530000 14.348560
0.535000 14.340360
0.540000 14.317380
0.545000 14.283510
0.550000 14.251620
0.555000 14.251210
0.560000 14.260840
0.565000 14.282690
0.570000 14.312730
0.575000 14.340610
0.580000 14.338530
0.585000 14.325890
0.590000 14.302660
0.595000 14.271730
0.600000 14.241170
0.605000 14.233910
0.610000 14.237390
0.615000 14.250830
0.620000 14.273470
0.625000 14.298170
0.630000 14.306390
0.635000 14.302860
0.640000 14.293320
0.645000 14.280990
0.650000 14.281980
0.655000 14.294090
0.660000 14.331410
0.665000 14.411320
0.670000 14.558830
0.675000 14.809640
0.680000 15.211530
0.685000 15.822920
0.690000 16.717920
0.695000 17.962180
0.700000 19.599850
0.705000 21.632250
0.710000 23.999630
0.715000 26.570710
0.720000 29.141890
0.725000 31.381370
0.730000 32.160300
0.735000 31.966710
0.740000 31.651560
0.745000 31.276560
0.750000 30.936060
0.755000 30.827280
0.760000 30.867890
0.765000 30.928340
0.770000 30.995120
0.775000 31.037040
0.780000 31.044930
0.785000 31.031250
0.790000 31.007330
0.795000 30.976950
0.800000 30.945750
0.805000 30.927890
0.810000 30.915410
0.815000 30.862370
0.820000 30.308080
0.825000 26.003000
0.830000 14.987330
0.835000 6.748080
0.840000 5.961490
0.845000 5.961480
0.850000 5.961470
0.855000 5.961470
0.860000 5.961560
0.865000 5.961710
0.870000 5.961800
0.875000 5.961780
0.880000 5.960770
0.885000 5.959410
0.890000 5.958080
0.895000 5.956990
0.900000 5.956210
0.905000 5.955720
0.910000 5.955460
0.915000 5.955350
0.920000 5.955300
0.925000 5.955290
0.930000 5.955290
0.935000 5.955290
0.940000 5.955290
0.945000 5.955290
0.950000 5.955290
0.955000 5.955290
0.960000 5.955290
0.965000 5.955290
0.970000 5.955290
0.975000 5.955290
0.980000 5.955290
0.985000 5.955290
0.990000 5.955290
0.995000 5.955290
1.000000 5.955290
