0.000000 1.000000
0.020000 1.000000
0.040000 1.000000
0.060000 1.000000
0.080000 1.000000
0.100000 0.999990
0.120000 0.999970
0.140000 0.999890
0.160000 0.999600
0.180000 0.998700
0.200000 0.996190
0.220000 0.990060
0.240000 0.977130
0.260000 0.953700
0.280000 0.917350
0.300000 0.868700
0.320000 0.811450
0.340000 0.750370
0.360000 0.689420
0.380000 0.631690
0.400000 0.579760
0.420000 0.535120
0.440000 0.497790
0.460000 0.467110
0.480000 0.443850
0.500000 0.430280
0.520000 0.425690
0.540000 0.425620
0.560000 0.426170
0.580000 0.426140
0.600000 0.424820
0.620000 0.419360
0.640000 0.403180
0.660000 0.364990
0.680000 0.314600
0.700000 0.284140
0.720000 0.271180
0.740000 0.266590
0.760000 0.265080
0.780000 0.263990
0.800000 0.260380
0.820000 0.245770
0.840000 0.200120
0.860000 0.145740
0.880000 0.127950
0.900000 0.125310
0.920000 0.125030
0.940000 0.125000
0.960000 0.125000
0.980000 0.125000
1.000000 0.125000
