0.000000 1.000000
0.020000 1.000000
0.040000 1.000000
0.060000 1.000000
0.080000 1.000000
0.100000 0.999980
0.120000 0.999940
0.140000 0.999790
0.160000 0.999310
0.180000 0.997960
0.200000 0.994590
0.220000 0.987180
0.240000 0.972880
0.260000 0.948730
0.280000 0.913010
0.300000 0.866120
0.320000 0.810120
0.340000 0.747740
0.360000 0.688560
0.380000 0.635510
0.400000 0.587720
0.420000 0.544650
0.440000 0.506080
0.460000 0.472650
0.480000 0.446100
0.500000 0.429470
0.520000 0.424470
0.540000 0.424390
0.560000 0.424590
0.580000 0.423980
0.600000 0.421450
0.620000 0.413980
0.640000 0.396620
0.660000 0.364260
0.680000 0.318660
0.700000 0.286960
0.720000 0.272430
0.740000 0.266830
0.760000 0.264890
0.780000 0.263400
0.800000 0.258800
0.820000 0.243330
0.840000 0.203220
0.860000 0.149770
0.880000 0.129250
0.900000 0.125540
0.920000 0.125060
0.940000 0.125010
0.960000 0.125000
0.980000 0.125000
1.000000 0.125000
