0.000000 1.000000
0.020000 1.000000
0.040000 1.000000
0.060000 1.000000
0.080000 1.000000
0.100000 1.000000
0.120000 1.000000
0.140000 1.000000
0.160000 0.999960
0.180000 0.999720
0.200000 0.998570
0.220000 0.994350
0.240000 0.982780
0.260000 0.958640
0.280000 0.919220
0.300000 0.866710
0.320000 0.806780
0.340000 0.745090
0.360000 0.685420
0.380000 0.629840
0.400000 0.579510
0.420000 0.534970
0.440000 0.496470
0.460000 0.464570
0.480000 0.441010
0.500000 0.428480
0.520000 0.425780
0.540000 0.426230
0.560000 0.427040
0.580000 0.427420
0.600000 0.427050
0.620000 0.423210
0.640000 0.407190
0.660000 0.366820
0.680000 0.315240
0.700000 0.282170
0.720000 0.268960
0.740000 0.265480
0.760000 0.264940
0.780000 0.264660
0.800000 0.262440
0.820000 0.247470
0.840000 0.196860
0.860000 0.142520
0.880000 0.126380
0.900000 0.125040
0.920000 0.125000
0.940000 0.125000
0.960000 0.125000
0.980000 0.125000
1.000000 0.125000
