0.000000 1.000000
0.020000 1.000000
0.040000 1.000000
0.060000 1.000000
0.080000 1.000000
0.100000 1.000010
0.120000 1.000000
0.140000 0.999750
0.160000 0.999510
0.180000 1.000480
0.200000 1.006970
0.220000 1.013660
0.240000 1.016710
0.260000 0.979300
0.280000 0.906920
0.300000 0.837540
0.320000 0.776790
0.340000 0.722300
0.360000 0.672120
0.380000 0.625420
0.400000 0.581830
0.420000 0.541240
0.440000 0.503880
0.460000 0.470650
0.480000 0.443820
0.500000 0.427980
0.520000 0.425580
0.540000 0.426190
0.560000 0.427450
0.580000 0.428400
0.600000 0.428280
0.620000 0.424220
0.640000 0.408740
0.660000 0.376100
0.680000 0.328150
0.700000 0.278630
0.720000 0.259250
0.740000 0.261600
0.760000 0.264120
0.780000 0.265030
0.800000 0.262690
0.820000 0.246820
0.840000 0.199460
0.860000 0.138960
0.880000 0.123600
0.900000 0.124790
0.920000 0.125040
0.940000 0.125000
0.960000 0.125000
0.980000 0.125000
1.000000 0.125000
