0.000000 1.000000
0.020000 1.000000
0.040000 1.000000
0.060000 1.000000
0.080000 1.000000
0.100000 1.000000
0.120000 1.000000
0.140000 1.000000
0.160000 1.000000
0.180000 1.000000
0.200000 1.000000
0.220000 0.999980
0.240000 0.999690
0.260000 0.995580
0.280000 0.947390
0.300000 0.864520
0.320000 0.788090
0.340000 0.722370
0.360000 0.665930
0.380000 0.615680
0.400000 0.569410
0.420000 0.526180
0.440000 0.486190
0.460000 0.455680
0.480000 0.441290
0.500000 0.430240
0.520000 0.427380
0.540000 0.427940
0.560000 0.430000
0.580000 0.432110
0.600000 0.432380
0.620000 0.431100
0.640000 0.421870
0.660000 0.382280
0.680000 0.312080
0.700000 0.267240
0.720000 0.264410
0.740000 0.264320
0.760000 0.264500
0.780000 0.264760
0.800000 0.263440
0.820000 0.251200
0.840000 0.195190
0.860000 0.134400
0.880000 0.125170
0.900000 0.125000
0.920000 0.125000
0.940000 0.125000
0.960000 0.125000
0.980000 0.125000
1.000000 0.125000
