0.000000 1.000000
0.020000 1.000000
0.040000 1.000000
0.060000 1.000000
0.080000 0.999990
0.100000 0.999970
0.120000 0.999910
0.140000 0.999710
0.160000 0.999190
0.180000 0.997830
0.200000 0.994620
0.220000 0.987720
0.240000 0.974340
0.260000 0.951310
0.280000 0.916400
0.300000 0.869970
0.320000 0.815190
0.340000 0.756270
0.360000 0.696550
0.380000 0.638240
0.400000 0.583420
0.420000 0.534360
0.440000 0.493040
0.460000 0.460940
0.480000 0.438980
0.500000 0.428030
0.520000 0.425370
0.540000 0.425760
0.560000 0.426300
0.580000 0.426620
0.600000 0.426330
0.620000 0.422680
0.640000 0.405210
0.660000 0.360410
0.680000 0.311800
0.700000 0.284830
0.720000 0.272570
0.740000 0.267600
0.760000 0.265800
0.780000 0.265010
0.800000 0.262700
0.820000 0.247160
0.840000 0.194510
0.860000 0.143890
0.880000 0.128700
0.900000 0.125650
0.920000 0.125110
0.940000 0.125020
0.960000 0.125000
0.980000 0.125000
1.000000 0.125000
