-1.000000 3.860000
-0.986667 3.860000
-0.973333 3.860000
-0.960000 3.860000
-0.946667 3.860000
-0.933333 3.860000
-0.920000 3.860000
-0.906667 3.860000
-0.893333 3.860000
-0.880000 3.860000
-0.866667 3.860000
-0.853333 3.860000
-0.840000 3.860000
-0.826667 3.860000
-0.813333 3.860000
-0.800000 3.860000
-0.786667 3.860000
-0.773333 3.860000
-0.760000 3.860000
-0.746667 3.860000
-0.733333 3.860000
-0.720000 3.860000
-0.706667 3.860000
-0.693333 3.860000
-0.680000 3.860000
-0.666667 3.860000
-0.653333 3.860000
-0.640000 3.860000
-0.626667 3.860000
-0.613333 3.860000
-0.600000 3.860000
-0.586667 3.860000
-0.573333 3.860000
-0.560000 3.860000
-0.546667 3.860000
-0.533333 3.860000
-0.520000 3.860000
-0.506667 3.860000
-0.493333 3.860000
-0.480000 3.860000
-0.466667 3.860000
-0.453333 3.860000
-0.440000 3.860000
-0.426667 3.860000
-0.413333 3.860000
-0.400000 3.860000
-0.386667 3.860000
-0.373333 3.860000
-0.360000 3.860000
-0.346667 3.860000
-0.333333 3.860000
-0.320000 3.860000
-0.306667 3.860000
-0.293333 3.860000
-0.280000 3.860010
-0.266667 3.860020
-0.253333 3.860040
-0.240000 3.860100
-0.226667 3.860240
-0.213333 3.860520
-0.200000 3.861090
-0.186667 3.862190
-0.173333 3.864220
-0.160000 3.867790
-0.146667 3.873650
-0.133333 3.882170
-0.120000 3.892250
-0.106667 3.901460
-0.093333 3.907980
-0.080000 3.911310
-0.066667 3.912120
-0.053333 3.911710
-0.040000 3.909800
-0.026667 3.905380
-0.013333 3.898190
-0.000000 3.889100
0.013333 3.879130
0.026667 3.868780
0.040000 3.858260
0.053333 3.847650
0.066667 3.836990
0.080000 3.826300
0.093333 3.815600
0.106667 3.804880
0.120000 3.794170
0.133333 3.783480
0.146667 3.772820
0.160000 3.762200
0.173333 3.751640
0.186667 3.741160
0.200000 3.730780
0.213333 3.720520
0.226667 3.710410
0.240000 3.700470
0.253333 3.690730
0.266667 3.681200
0.280000 3.671940
0.293333 3.662960
0.306667 3.654320
0.320000 3.646100
0.333333 3.638400
0.346667 3.631380
0.360000 3.625280
0.373333 3.620430
0.386667 3.617180
0.400000 3.615660
0.413333 3.615460
0.426667 3.616020
0.440000 3.618170
0.453333 3.623330
0.466667 3.633440
0.480000 3.650910
0.493333 3.678360
0.506667 3.717620
0.520000 3.767510
0.533333 3.822590
0.546667 3.875870
0.560000 3.922550
0.573333 3.961010
0.586667 3.991690
0.600000 4.015820
0.613333 4.034650
0.626667 4.049210
0.640000 4.060250
0.653333 4.068310
0.666667 4.073820
0.680000 4.077170
0.693333 4.078760
0.706667 4.079140
0.720000 4.078970
0.733333 4.078110
0.746667 4.076110
0.760000 4.072710
0.773333 4.068080
0.786667 4.062550
0.800000 4.056330
0.813333 4.049500
0.826667 4.042120
0.840000 4.034210
0.853333 4.025800
0.866667 4.016930
0.880000 4.007620
0.893333 3.997900
0.906667 3.987800
0.920000 3.977330
0.933333 3.966510
0.946667 3.955360
0.960000 3.943880
0.973333 3.932110
0.986667 3.920080
1.000000 3.907820
1.013333 3.895380
1.026667 3.882800
1.040000 3.870100
1.053333 3.857310
1.066667 3.844440
1.080000 3.831510
1.093333 3.818520
1.106667 3.805490
1.120000 3.792470
1.133333 3.779470
1.146667 3.766530
1.160000 3.753690
1.173333 3.740980
1.186667 3.728440
1.200000 3.716120
1.213333 3.704070
1.226667 3.692330
1.240000 3.680970
1.253333 3.670030
1.266667 3.659560
1.280000 3.649650
1.293333 3.640380
1.306667 3.631950
1.320000 3.624610
1.333333 3.618700
1.346667 3.614570
1.360000 3.612380
1.373333 3.611820
1.386667 3.612110
1.400000 3.613590
1.413333 3.617360
1.426667 3.624590
1.440000 3.636080
1.453333 3.651950
1.466667 3.671920
1.480000 3.695680
1.493333 3.722840
1.506667 3.752730
1.520000 3.784360
1.533333 3.816600
1.546667 3.848410
1.560000 3.878990
1.573333 3.907780
1.586667 3.934400
1.600000 3.958600
1.613333 3.980300
1.626667 3.999520
1.640000 4.016370
1.653333 4.031020
1.666667 4.043630
1.680000 4.054320
1.693333 4.063280
1.706667 4.070680
1.720000 4.076610
1.733333 4.081360
1.746667 4.084740
1.760000 4.086210
1.773333 4.086400
1.786667 4.085600
1.800000 4.083270
1.813333 4.078510
1.826667 4.070210
1.840000 4.056150
1.853333 4.031520
1.866667 3.986920
1.880000 3.907760
1.893333 3.803710
1.906667 3.712140
1.920000 3.646330
1.933333 3.604560
1.946667 3.580560
1.960000 3.566780
1.973333 3.556930
1.986667 3.553700
2.000000 3.567900
2.013333 3.618650
2.026667 3.734940
2.040000 3.900190
2.053333 4.044520
2.066667 4.144860
2.080000 4.203720
2.093333 4.229040
2.106667 4.230190
2.120000 4.216370
2.133333 4.195830
2.146667 4.171170
2.160000 4.135380
2.173333 4.074870
2.186667 3.966120
2.200000 3.790590
2.213333 3.600110
2.226667 3.443990
2.240000 3.329800
2.253333 3.253100
2.266667 3.206360
2.280000 3.181210
2.293333 3.169650
2.306667 3.165040
2.320000 3.167640
2.333333 3.186000
2.346667 3.235360
2.360000 3.342430
2.373333 3.515960
2.386667 3.697700
2.400000 3.851130
2.413333 3.970510
2.426667 4.057770
2.440000 4.118300
2.453333 4.159440
2.466667 4.189140
2.480000 4.214790
2.493333 4.235260
2.506667 4.238860
2.520000 4.205310
2.533333 4.106040
2.546667 3.940470
2.560000 3.759750
2.573333 3.599890
2.586667 3.479300
2.600000 3.406400
2.613333 3.377230
2.626667 3.377610
2.640000 3.390750
2.653333 3.417760
2.666667 3.480570
2.680000 3.611790
2.693333 3.809840
2.706667 4.014940
2.720000 4.201380
2.733333 4.360220
2.746667 4.451280
2.760000 4.228370
2.773333 2.877550
2.786667 1.422050
2.800000 1.202700
2.813333 1.199540
2.826667 1.200000
2.840000 1.199610
2.853333 1.198330
2.866667 1.196160
2.880000 1.193130
2.893333 1.189240
2.906667 1.184510
2.920000 1.178960
2.933333 1.172610
2.946667 1.165500
2.960000 1.157650
2.973333 1.149100
2.986667 1.139890
3.000000 1.139890
