-1.000000 3.860000
-0.986667 3.860000
-0.973333 3.860000
-0.960000 3.860000
-0.946667 3.860000
-0.933333 3.860000
-0.920000 3.860000
-0.906667 3.860000
-0.893333 3.860000
-0.880000 3.860000
-0.866667 3.860000
-0.853333 3.860000
-0.840000 3.860000
-0.826667 3.860000
-0.813333 3.860000
-0.800000 3.860000
-0.786667 3.860000
-0.773333 3.860000
-0.760000 3.860000
-0.746667 3.860000
-0.733333 3.860000
-0.720000 3.860000
-0.706667 3.860000
-0.693333 3.860000
-0.680000 3.860000
-0.666667 3.860000
-0.653333 3.860000
-0.640000 3.860000
-0.626667 3.860000
-0.613333 3.860000
-0.600000 3.860000
-0.586667 3.860000
-0.573333 3.860000
-0.560000 3.860000
-0.546667 3.860000
-0.533333 3.860000
-0.520000 3.860000
-0.506667 3.860000
-0.493333 3.860000
-0.480000 3.860000
-0.466667 3.860000
-0.453333 3.860000
-0.440000 3.860000
-0.426667 3.860000
-0.413333 3.860000
-0.400000 3.860000
-0.386667 3.860000
-0.373333 3.860000
-0.360000 3.860000
-0.346667 3.860000
-0.333333 3.860000
-0.320000 3.860000
-0.306667 3.860010
-0.293333 3.860010
-0.280000 3.860030
-0.266667 3.860070
-0.253333 3.860150
-0.240000 3.860310
-0.226667 3.860600
-0.213333 3.861120
-0.200000 3.862000
-0.186667 3.863440
-0.173333 3.865690
-0.160000 3.869030
-0.146667 3.873720
-0.133333 3.879940
-0.120000 3.887590
-0.106667 3.895630
-0.093333 3.901580
-0.080000 3.904910
-0.066667 3.906070
-0.053333 3.906120
-0.040000 3.904880
-0.026667 3.901710
-0.013333 3.896550
-0.000000 3.889550
0.013333 3.881030
0.026667 3.871390
0.040000 3.860980
0.053333 3.850120
0.066667 3.839020
0.080000 3.827850
0.093333 3.816790
0.106667 3.805840
0.120000 3.794960
0.133333 3.784150
0.146667 3.773390
0.160000 3.762690
0.173333 3.752070
0.186667 3.741540
0.200000 3.731120
0.213333 3.720820
0.226667 3.710670
0.240000 3.700690
0.253333 3.690890
0.266667 3.681290
0.280000 3.671940
0.293333 3.662860
0.306667 3.654140
0.320000 3.645880
0.333333 3.638240
0.346667 3.631440
0.360000 3.625790
0.373333 3.621610
0.386667 3.619100
0.400000 3.618200
0.413333 3.618090
0.426667 3.619230
0.440000 3.622510
0.453333 3.628930
0.466667 3.639720
0.480000 3.656400
0.493333 3.680780
0.506667 3.714620
0.520000 3.758910
0.533333 3.812580
0.546667 3.869910
0.560000 3.918930
0.573333 3.958220
0.586667 3.989170
0.600000 4.013450
0.613333 4.032480
0.626667 4.047260
0.640000 4.058490
0.653333 4.066710
0.666667 4.072340
0.680000 4.075800
0.693333 4.077510
0.706667 4.078000
0.720000 4.077980
0.733333 4.077130
0.746667 4.075250
0.760000 4.072260
0.773333 4.068210
0.786667 4.063180
0.800000 4.057290
0.813333 4.050650
0.826667 4.043350
0.840000 4.035460
0.853333 4.027020
0.866667 4.018070
0.880000 4.008650
0.893333 3.998780
0.906667 3.988500
0.920000 3.977850
0.933333 3.966850
0.946667 3.955540
0.960000 3.943970
0.973333 3.932170
0.986667 3.920180
1.000000 3.908010
1.013333 3.895700
1.026667 3.883250
1.040000 3.870680
1.053333 3.857980
1.066667 3.845160
1.080000 3.832230
1.093333 3.819210
1.106667 3.806110
1.120000 3.792970
1.133333 3.779880
1.146667 3.766890
1.160000 3.754010
1.173333 3.741280
1.186667 3.728740
1.200000 3.716430
1.213333 3.704390
1.226667 3.692650
1.240000 3.681270
1.253333 3.670260
1.266667 3.659700
1.280000 3.649680
1.293333 3.640360
1.306667 3.631980
1.320000 3.624860
1.333333 3.619330
1.346667 3.615630
1.360000 3.613770
1.373333 3.613290
1.386667 3.613630
1.400000 3.615570
1.413333 3.619810
1.426667 3.626960
1.440000 3.637540
1.453333 3.651970
1.466667 3.670510
1.480000 3.693150
1.493333 3.719590
1.506667 3.749240
1.520000 3.781290
1.533333 3.814720
1.546667 3.847430
1.560000 3.878200
1.573333 3.906840
1.586667 3.933230
1.600000 3.957310
1.613333 3.979050
1.626667 3.998450
1.640000 4.015610
1.653333 4.030650
1.666667 4.043630
1.680000 4.054620
1.693333 4.063680
1.706667 4.070810
1.720000 4.075930
1.733333 4.079080
1.746667 4.080330
1.760000 4.079930
1.773333 4.078220
1.786667 4.074360
1.800000 4.067430
1.813333 4.056390
1.826667 4.040000
1.840000 4.016710
1.853333 3.984650
1.866667 3.941660
1.880000 3.885400
1.893333 3.814610
1.906667 3.748390
1.920000 3.700980
1.933333 3.669980
1.946667 3.651060
1.960000 3.638050
1.973333 3.629230
1.986667 3.630810
2.000000 3.648670
2.013333 3.688480
2.026667 3.754790
2.040000 3.851020
2.053333 3.971300
2.066667 4.067150
2.080000 4.125690
2.093333 4.153340
2.106667 4.157440
2.120000 4.146400
2.133333 4.127760
2.146667 4.103240
2.160000 4.064970
2.173333 4.006780
2.186667 3.923290
2.200000 3.810680
2.213333 3.666700
2.226667 3.515600
2.240000 3.400050
2.253333 3.319810
2.266667 3.269250
2.280000 3.240740
2.293333 3.227410
2.306667 3.221210
2.320000 3.225470
2.333333 3.247080
2.346667 3.292690
2.360000 3.368300
2.373333 3.479490
2.386667 3.629540
2.400000 3.790570
2.413333 3.918230
2.426667 4.012580
2.440000 4.078760
2.453333 4.123250
2.466667 4.155130
2.480000 4.182500
2.493333 4.199270
2.506667 4.196140
2.520000 4.164200
2.533333 4.094490
2.546667 3.980660
2.560000 3.818480
2.573333 3.638530
2.586667 3.507770
2.600000 3.430630
2.613333 3.397720
2.626667 3.395670
2.640000 3.404980
2.653333 3.433880
2.666667 3.498460
2.680000 3.611070
2.693333 3.774040
2.706667 3.979860
2.720000 4.180290
2.733333 4.341850
2.746667 4.428620
2.760000 4.202410
2.773333 2.971630
2.786667 1.478340
2.800000 1.205760
2.813333 1.199590
2.826667 1.200000
2.840000 1.199610
2.853333 1.198330
2.866667 1.196160
2.880000 1.193130
2.893333 1.189240
2.906667 1.184510
2.920000 1.178960
2.933333 1.172610
2.946667 1.165500
2.960000 1.157650
2.973333 1.149100
2.986667 1.139890
3.000000 1.139890
