-1.000000 3.860000
-0.986667 3.860000
-0.973333 3.860000
-0.960000 3.860000
-0.946667 3.860000
-0.933333 3.860000
-0.920000 3.860000
-0.906667 3.860000
-0.893333 3.860000
-0.880000 3.860000
-0.866667 3.860000
-0.853333 3.860000
-0.840000 3.860000
-0.826667 3.860000
-0.813333 3.860000
-0.800000 3.860000
-0.786667 3.860000
-0.773333 3.860000
-0.760000 3.860000
-0.746667 3.860000
-0.733333 3.860000
-0.720000 3.860000
-0.706667 3.860000
-0.693333 3.860000
-0.680000 3.860000
-0.666667 3.860000
-0.653333 3.860000
-0.640000 3.860000
-0.626667 3.860000
-0.613333 3.860000
-0.600000 3.860000
-0.586667 3.860000
-0.573333 3.860000
-0.560000 3.860000
-0.546667 3.860000
-0.533333 3.860000
-0.520000 3.860000
-0.506667 3.860000
-0.493333 3.860000
-0.480000 3.860000
-0.466667 3.860000
-0.453333 3.860000
-0.440000 3.860000
-0.426667 3.860000
-0.413333 3.860000
-0.400000 3.860000
-0.386667 3.860000
-0.373333 3.860000
-0.360000 3.860000
-0.346667 3.860000
-0.333333 3.860000
-0.320000 3.860000
-0.306667 3.860000
-0.293333 3.860000
-0.280000 3.860000
-0.266667 3.860010
-0.253333 3.860020
-0.240000 3.860060
-0.226667 3.860150
-0.213333 3.860390
-0.200000 3.860920
-0.186667 3.862050
-0.173333 3.864280
-0.160000 3.868330
-0.146667 3.874950
-0.133333 3.884310
-0.120000 3.895100
-0.106667 3.904980
-0.093333 3.912100
-0.080000 3.915680
-0.066667 3.916310
-0.053333 3.915580
-0.040000 3.912640
-0.026667 3.906840
-0.013333 3.898740
-0.000000 3.889310
0.013333 3.879240
0.026667 3.868870
0.040000 3.858340
0.053333 3.847710
0.066667 3.837030
0.080000 3.826320
0.093333 3.815570
0.106667 3.804820
0.120000 3.794080
0.133333 3.783350
0.146667 3.772650
0.160000 3.762000
0.173333 3.751420
0.186667 3.740920
0.200000 3.730520
0.213333 3.720240
0.226667 3.710120
0.240000 3.700160
0.253333 3.690410
0.266667 3.680890
0.280000 3.671630
0.293333 3.662690
0.306667 3.654100
0.320000 3.645950
0.333333 3.638310
0.346667 3.631320
0.360000 3.625160
0.373333 3.620080
0.386667 3.616400
0.400000 3.614430
0.413333 3.614060
0.426667 3.614550
0.440000 3.616850
0.453333 3.622550
0.466667 3.633470
0.480000 3.651680
0.493333 3.679510
0.506667 3.718690
0.520000 3.768310
0.533333 3.823300
0.546667 3.876650
0.560000 3.923560
0.573333 3.962230
0.586667 3.992990
0.600000 4.017030
0.613333 4.035680
0.626667 4.050030
0.640000 4.060900
0.653333 4.068890
0.666667 4.074430
0.680000 4.077870
0.693333 4.079550
0.706667 4.079900
0.720000 4.079670
0.733333 4.078610
0.746667 4.076300
0.760000 4.072740
0.773333 4.068140
0.786667 4.062690
0.800000 4.056530
0.813333 4.049730
0.826667 4.042320
0.840000 4.034350
0.853333 4.025870
0.866667 4.016910
0.880000 4.007500
0.893333 3.997690
0.906667 3.987510
0.920000 3.976980
0.933333 3.966130
0.946667 3.954980
0.960000 3.943530
0.973333 3.931810
0.986667 3.919820
1.000000 3.907590
1.013333 3.895150
1.026667 3.882540
1.040000 3.869800
1.053333 3.856970
1.066667 3.844050
1.080000 3.831090
1.093333 3.818080
1.106667 3.805050
1.120000 3.792020
1.133333 3.779020
1.146667 3.766080
1.160000 3.753230
1.173333 3.740520
1.186667 3.727980
1.200000 3.715650
1.213333 3.703590
1.226667 3.691850
1.240000 3.680480
1.253333 3.669560
1.266667 3.659130
1.280000 3.649280
1.293333 3.640120
1.306667 3.631770
1.320000 3.624450
1.333333 3.618400
1.346667 3.613950
1.360000 3.611390
1.373333 3.610670
1.386667 3.610940
1.400000 3.612610
1.413333 3.616930
1.426667 3.624790
1.440000 3.636580
1.453333 3.652400
1.466667 3.672230
1.480000 3.695900
1.493333 3.723070
1.506667 3.753040
1.520000 3.784790
1.533333 3.817150
1.546667 3.849070
1.560000 3.879730
1.573333 3.908550
1.586667 3.935140
1.600000 3.959280
1.613333 3.980910
1.626667 4.000080
1.640000 4.016920
1.653333 4.031600
1.666667 4.044210
1.680000 4.054850
1.693333 4.063640
1.706667 4.070730
1.720000 4.076250
1.733333 4.080470
1.746667 4.084030
1.760000 4.087930
1.773333 4.092090
1.786667 4.094370
1.800000 4.093520
1.813333 4.090010
1.826667 4.084680
1.840000 4.075740
1.853333 4.057650
1.866667 4.017850
1.880000 3.939410
1.893333 3.826540
1.906667 3.714510
1.920000 3.626400
1.933333 3.567380
1.946667 3.533580
1.960000 3.516410
1.973333 3.505790
1.986667 3.501670
2.000000 3.521880
2.013333 3.597420
2.026667 3.743160
2.040000 3.915000
2.053333 4.062620
2.066667 4.169920
2.080000 4.236360
2.093333 4.267590
2.106667 4.272000
2.120000 4.259100
2.133333 4.238290
2.146667 4.213870
2.160000 4.175400
2.173333 4.100180
2.186667 3.962950
2.200000 3.775320
2.213333 3.587280
2.226667 3.428700
2.240000 3.307850
2.253333 3.224130
2.266667 3.172330
2.280000 3.144770
2.293333 3.132740
2.306667 3.127950
2.320000 3.130600
2.333333 3.155540
2.346667 3.227970
2.360000 3.363860
2.373333 3.537140
2.386667 3.707430
2.400000 3.856900
2.413333 3.978990
2.426667 4.071920
2.440000 4.137920
2.453333 4.182450
2.466667 4.213400
2.480000 4.239750
2.493333 4.260290
2.506667 4.255900
2.520000 4.198000
2.533333 4.076760
2.546667 3.919460
2.560000 3.756360
2.573333 3.604770
2.586667 3.481060
2.600000 3.399270
2.613333 3.362990
2.626667 3.361140
2.640000 3.373760
2.653333 3.402730
2.666667 3.481450
2.680000 3.632460
2.693333 3.825770
2.706667 4.022190
2.720000 4.208150
2.733333 4.372900
2.746667 4.483900
2.760000 4.251530
2.773333 2.772020
2.786667 1.374610
2.800000 1.199070
2.813333 1.199500
2.826667 1.200000
2.840000 1.199610
2.853333 1.198330
2.866667 1.196160
2.880000 1.193130
2.893333 1.189240
2.906667 1.184510
2.920000 1.178960
2.933333 1.172610
2.946667 1.165500
2.960000 1.157650
2.973333 1.149100
2.986667 1.139890
3.000000 1.139890
