-1.000000 3.860000
-0.986667 3.860000
-0.973333 3.860000
-0.960000 3.860000
-0.946667 3.860000
-0.933333 3.860000
-0.920000 3.860000
-0.906667 3.860000
-0.893333 3.860000
-0.880000 3.860000
-0.866667 3.860000
-0.853333 3.860000
-0.840000 3.860000
-0.826667 3.860000
-0.813333 3.860000
-0.800000 3.860000
-0.786667 3.860000
-0.773333 3.860000
-0.760000 3.860000
-0.746667 3.860000
-0.733333 3.860000
-0.720000 3.860000
-0.706667 3.860000
-0.693333 3.860000
-0.680000 3.860000
-0.666667 3.860000
-0.653333 3.860000
-0.640000 3.860000
-0.626667 3.860000
-0.613333 3.860000
-0.600000 3.860000
-0.586667 3.860000
-0.573333 3.860000
-0.560000 3.860000
-0.546667 3.860000
-0.533333 3.860000
-0.520000 3.860000
-0.506667 3.860000
-0.493333 3.860000
-0.480000 3.860000
-0.466667 3.860000
-0.453333 3.860000
-0.440000 3.860000
-0.426667 3.860000
-0.413333 3.860000
-0.400000 3.860000
-0.386667 3.860000
-0.373333 3.860000
-0.360000 3.860000
-0.346667 3.860000
-0.333333 3.860000
-0.320000 3.860000
-0.306667 3.860000
-0.293333 3.860000
-0.280000 3.860010
-0.266667 3.860020
-0.253333 3.860060
-0.240000 3.860150
-0.226667 3.860350
-0.213333 3.860790
-0.200000 3.861640
-0.186667 3.863180
-0.173333 3.865780
-0.160000 3.869890
-0.146667 3.875880
-0.133333 3.883870
-0.120000 3.893480
-0.106667 3.903750
-0.093333 3.913180
-0.080000 3.920030
-0.066667 3.920730
-0.053333 3.919200
-0.040000 3.915170
-0.026667 3.908840
-0.013333 3.900690
-0.000000 3.891230
0.013333 3.880920
0.026667 3.870150
0.040000 3.859210
0.053333 3.848220
0.066667 3.837270
0.080000 3.826360
0.093333 3.815510
0.106667 3.804740
0.120000 3.794030
0.133333 3.783390
0.146667 3.772790
0.160000 3.762220
0.173333 3.751680
0.186667 3.741210
0.200000 3.730830
0.213333 3.720570
0.226667 3.710440
0.240000 3.700480
0.253333 3.690710
0.266667 3.681190
0.280000 3.671950
0.293333 3.663050
0.306667 3.654530
0.320000 3.646430
0.333333 3.638830
0.346667 3.631810
0.360000 3.625490
0.373333 3.619990
0.386667 3.615500
0.400000 3.612610
0.413333 3.612590
0.426667 3.613970
0.440000 3.617800
0.453333 3.625040
0.466667 3.636940
0.480000 3.655010
0.493333 3.681060
0.506667 3.716600
0.520000 3.761770
0.533333 3.814150
0.546667 3.868610
0.560000 3.919080
0.573333 3.961300
0.586667 3.994140
0.600000 4.018870
0.613333 4.037520
0.626667 4.051820
0.640000 4.062830
0.653333 4.071140
0.666667 4.077140
0.680000 4.081120
0.693333 4.082660
0.706667 4.082400
0.720000 4.081470
0.733333 4.079660
0.746667 4.076910
0.760000 4.073260
0.773333 4.068700
0.786667 4.063280
0.800000 4.057040
0.813333 4.050030
0.826667 4.042330
0.840000 4.034010
0.853333 4.025150
0.866667 4.015840
0.880000 4.006150
0.893333 3.996140
0.906667 3.985860
0.920000 3.975350
0.933333 3.964630
0.946667 3.953700
0.960000 3.942580
0.973333 3.931240
0.986667 3.919660
1.000000 3.907820
1.013333 3.895700
1.026667 3.883300
1.040000 3.870630
1.053333 3.857730
1.066667 3.844640
1.080000 3.831430
1.093333 3.818170
1.106667 3.804930
1.120000 3.791750
1.133333 3.778690
1.146667 3.765770
1.160000 3.753010
1.173333 3.740410
1.186667 3.727980
1.200000 3.715750
1.213333 3.703750
1.226667 3.692020
1.240000 3.680650
1.253333 3.669720
1.266667 3.659300
1.280000 3.649480
1.293333 3.640370
1.306667 3.632050
1.320000 3.624640
1.333333 3.618260
1.346667 3.613090
1.360000 3.609440
1.373333 3.609000
1.386667 3.609910
1.400000 3.612730
1.413333 3.617990
1.426667 3.626180
1.440000 3.637730
1.453333 3.652990
1.466667 3.672140
1.480000 3.695220
1.493333 3.721920
1.506667 3.751620
1.520000 3.783360
1.533333 3.815990
1.546667 3.848320
1.560000 3.879310
1.573333 3.908250
1.586667 3.934840
1.600000 3.959120
1.613333 3.981240
1.626667 4.001230
1.640000 4.018970
1.653333 4.034260
1.666667 4.047000
1.680000 4.057300
1.693333 4.065400
1.706667 4.071670
1.720000 4.076500
1.733333 4.080330
1.746667 4.083470
1.760000 4.085380
1.773333 4.087200
1.786667 4.088740
1.800000 4.088520
1.813333 4.085040
1.826667 4.078620
1.840000 4.066810
1.853333 4.046790
1.866667 4.015330
1.880000 3.969060
1.893333 3.905220
1.906667 3.822500
1.920000 3.722200
1.933333 3.610390
1.946667 3.503860
1.960000 3.459560
1.973333 3.455030
1.986667 3.466720
2.000000 3.502140
2.013333 3.565260
2.026667 3.656760
2.040000 3.774520
2.053333 3.913510
2.066667 4.066150
2.080000 4.221010
2.093333 4.353220
2.106667 4.379320
2.120000 4.352020
2.133333 4.311860
2.146667 4.255740
2.160000 4.181350
2.173333 4.088140
2.186667 3.976200
2.200000 3.847050
2.213333 3.703120
2.226667 3.547960
2.240000 3.386470
2.253333 3.226990
2.266667 3.093970
2.280000 3.059660
2.293333 3.058540
2.306667 3.072460
2.320000 3.104270
2.333333 3.158610
2.346667 3.236490
2.360000 3.337700
2.373333 3.461490
2.386667 3.605010
2.400000 3.763850
2.413333 3.931840
2.426667 4.098400
2.440000 4.222210
2.453333 4.253980
2.466667 4.271400
2.480000 4.277040
2.493333 4.264610
2.506667 4.229780
2.520000 4.169000
2.533333 4.080130
2.546667 3.962990
2.560000 3.823230
2.573333 3.672160
2.586667 3.521350
2.600000 3.382550
2.613333 3.302180
2.626667 3.313240
2.640000 3.342630
2.653333 3.398880
2.666667 3.492610
2.680000 3.627910
2.693333 3.799780
2.706667 3.994450
2.720000 4.193030
2.733333 4.375170
2.746667 4.517050
2.760000 4.270360
2.773333 2.805600
2.786667 1.301760
2.800000 1.193850
2.813333 1.199570
2.826667 1.200000
2.840000 1.199610
2.853333 1.198330
2.866667 1.196160
2.880000 1.193130
2.893333 1.189240
2.906667 1.184510
2.920000 1.178960
2.933333 1.172610
2.946667 1.165500
2.960000 1.157650
2.973333 1.149100
2.986667 1.139890
3.000000 1.139890
