-1.000000 3.860000
-0.986667 3.860000
-0.973333 3.860000
-0.960000 3.860000
-0.946667 3.860000
-0.933333 3.860000
-0.920000 3.860000
-0.906667 3.860000
-0.893333 3.860000
-0.880000 3.860000
-0.866667 3.860000
-0.853333 3.860000
-0.840000 3.860000
-0.826667 3.860000
-0.813333 3.860000
-0.800000 3.860000
-0.786667 3.860000
-0.773333 3.860000
-0.760000 3.860000
-0.746667 3.860000
-0.733333 3.860000
-0.720000 3.860000
-0.706667 3.860000
-0.693333 3.860000
-0.680000 3.860000
-0.666667 3.860000
-0.653333 3.860000
-0.640000 3.860000
-0.626667 3.860000
-0.613333 3.860000
-0.600000 3.860000
-0.586667 3.860000
-0.573333 3.860000
-0.560000 3.860000
-0.546667 3.860000
-0.533333 3.860000
-0.520000 3.860000
-0.506667 3.860000
-0.493333 3.860000
-0.480000 3.860000
-0.466667 3.860000
-0.453333 3.860000
-0.440000 3.860000
-0.426667 3.860000
-0.413333 3.860000
-0.400000 3.860000
-0.386667 3.860000
-0.373333 3.860000
-0.360000 3.860000
-0.346667 3.860000
-0.333333 3.860000
-0.320000 3.860000
-0.306667 3.860000
-0.293333 3.860000
-0.280000 3.860000
-0.266667 3.860000
-0.253333 3.860000
-0.240000 3.860010
-0.226667 3.860020
-0.213333 3.860080
-0.200000 3.860250
-0.186667 3.860740
-0.173333 3.862180
-0.160000 3.866260
-0.146667 3.875660
-0.133333 3.887730
-0.120000 3.900440
-0.106667 3.912830
-0.093333 3.923580
-0.080000 3.926960
-0.066667 3.926660
-0.053333 3.924190
-0.040000 3.917220
-0.026667 3.908300
-0.013333 3.898760
-0.000000 3.888820
0.013333 3.878640
0.026667 3.868320
0.040000 3.857880
0.053333 3.847330
0.066667 3.836700
0.080000 3.826010
0.093333 3.815310
0.106667 3.804610
0.120000 3.793910
0.133333 3.783220
0.146667 3.772530
0.160000 3.761880
0.173333 3.751290
0.186667 3.740780
0.200000 3.730380
0.213333 3.720100
0.226667 3.709960
0.240000 3.700010
0.253333 3.690280
0.266667 3.680790
0.280000 3.671580
0.293333 3.662690
0.306667 3.654160
0.320000 3.646020
0.333333 3.638340
0.346667 3.631180
0.360000 3.624620
0.373333 3.618710
0.386667 3.613570
0.400000 3.609580
0.413333 3.608700
0.426667 3.608900
0.440000 3.610300
0.453333 3.615160
0.466667 3.628090
0.480000 3.651350
0.493333 3.684180
0.506667 3.726220
0.520000 3.774440
0.533333 3.824770
0.546667 3.874600
0.560000 3.921370
0.573333 3.962130
0.586667 3.995100
0.600000 4.020260
0.613333 4.038960
0.626667 4.052960
0.640000 4.063730
0.653333 4.072150
0.666667 4.078710
0.680000 4.082810
0.693333 4.083420
0.706667 4.083340
0.720000 4.082710
0.733333 4.080650
0.746667 4.077120
0.760000 4.072870
0.773333 4.067940
0.786667 4.062370
0.800000 4.056190
0.813333 4.049420
0.826667 4.042050
0.840000 4.034080
0.853333 4.025490
0.866667 4.016320
0.880000 4.006630
0.893333 3.996520
0.906667 3.986140
0.920000 3.975580
0.933333 3.964880
0.946667 3.954030
0.960000 3.942950
0.973333 3.931550
0.986667 3.919800
1.000000 3.907670
1.013333 3.895210
1.026667 3.882470
1.040000 3.869550
1.053333 3.856510
1.066667 3.843420
1.080000 3.830310
1.093333 3.817220
1.106667 3.804160
1.120000 3.791150
1.133333 3.778220
1.146667 3.765390
1.160000 3.752660
1.173333 3.740050
1.186667 3.727580
1.200000 3.715310
1.213333 3.703260
1.226667 3.691520
1.240000 3.680150
1.253333 3.669220
1.266667 3.658810
1.280000 3.648990
1.293333 3.639840
1.306667 3.631420
1.320000 3.623830
1.333333 3.617140
1.346667 3.611440
1.360000 3.607490
1.373333 3.606900
1.386667 3.607160
1.400000 3.608730
1.413333 3.613790
1.426667 3.623870
1.440000 3.637290
1.453333 3.654170
1.466667 3.674600
1.480000 3.698580
1.493333 3.725820
1.506667 3.755610
1.520000 3.786870
1.533333 3.818510
1.546667 3.849940
1.560000 3.880450
1.573333 3.909260
1.586667 3.935870
1.600000 3.960100
1.613333 3.982030
1.626667 4.001690
1.640000 4.018990
1.653333 4.033780
1.666667 4.046080
1.680000 4.056080
1.693333 4.064180
1.706667 4.070760
1.720000 4.076080
1.733333 4.080340
1.746667 4.083180
1.760000 4.083650
1.773333 4.083940
1.786667 4.085300
1.800000 4.093620
1.813333 4.110940
1.826667 4.122250
1.840000 4.118490
1.853333 4.111200
1.866667 4.101100
1.880000 4.079820
1.893333 4.007910
1.906667 3.791350
1.920000 3.549350
1.933333 3.418010
1.946667 3.393240
1.960000 3.383350
1.973333 3.374730
1.986667 3.372080
2.000000 3.403220
2.013333 3.543090
2.026667 3.715910
2.040000 3.885260
2.053333 4.050330
2.066667 4.212100
2.080000 4.357010
2.093333 4.389810
2.106667 4.374340
2.120000 4.352170
2.133333 4.328700
2.146667 4.301410
2.160000 4.255060
2.173333 4.131920
2.186667 3.960340
2.200000 3.791500
2.213333 3.623150
2.226667 3.454890
2.240000 3.287210
2.253333 3.131080
2.266667 3.071590
2.280000 3.058490
2.293333 3.052230
2.306667 3.048360
2.320000 3.052840
2.333333 3.095630
2.346667 3.228440
2.360000 3.376110
2.373333 3.525370
2.386667 3.677580
2.400000 3.833610
2.413333 3.992800
2.426667 4.145180
2.440000 4.212610
2.453333 4.242040
2.466667 4.268120
2.480000 4.293210
2.493333 4.311270
2.506667 4.287870
2.520000 4.171220
2.533333 4.041100
2.546667 3.908380
2.560000 3.774070
2.573333 3.636260
2.586667 3.495030
2.600000 3.356170
2.613333 3.314540
2.626667 3.321780
2.640000 3.334780
2.653333 3.366850
2.666667 3.480860
2.680000 3.659800
2.693333 3.844800
2.706667 4.033610
2.720000 4.221180
2.733333 4.393020
2.746667 4.508220
2.760000 4.281410
2.773333 2.676850
2.786667 1.269010
2.800000 1.198270
2.813333 1.199500
2.826667 1.200000
2.840000 1.199610
2.853333 1.198330
2.866667 1.196160
2.880000 1.193130
2.893333 1.189240
2.906667 1.184510
2.920000 1.178960
2.933333 1.172610
2.946667 1.165500
2.960000 1.157650
2.973333 1.149100
2.986667 1.139890
3.000000 1.139890
