-1.000000 3.860000
-0.986667 3.860000
-0.973333 3.860000
-0.960000 3.860000
-0.946667 3.860000
-0.933333 3.860000
-0.920000 3.860000
-0.906667 3.860000
-0.893333 3.860000
-0.880000 3.860000
-0.866667 3.860000
-0.853333 3.860000
-0.840000 3.860000
-0.826667 3.860000
-0.813333 3.860000
-0.800000 3.860000
-0.786667 3.860000
-0.773333 3.860000
-0.760000 3.860000
-0.746667 3.860000
-0.733333 3.860000
-0.720000 3.860000
-0.706667 3.860000
-0.693333 3.860000
-0.680000 3.860000
-0.666667 3.860000
-0.653333 3.860000
-0.640000 3.860000
-0.626667 3.860000
-0.613333 3.860000
-0.600000 3.860000
-0.586667 3.860000
-0.573333 3.860000
-0.560000 3.860000
-0.546667 3.860000
-0.533333 3.860000
-0.520000 3.860000
-0.506667 3.860000
-0.493333 3.860000
-0.480000 3.860000
-0.466667 3.860000
-0.453333 3.860000
-0.440000 3.860000
-0.426667 3.860000
-0.413333 3.860000
-0.400000 3.860000
-0.386667 3.860000
-0.373333 3.860000
-0.360000 3.860000
-0.346667 3.860000
-0.333333 3.860000
-0.320000 3.860000
-0.306667 3.860000
-0.293333 3.860000
-0.280000 3.860000
-0.266667 3.860000
-0.253333 3.860010
-0.240000 3.860040
-0.226667 3.860110
-0.213333 3.860300
-0.200000 3.860760
-0.186667 3.861810
-0.173333 3.863990
-0.160000 3.868140
-0.146667 3.875050
-0.133333 3.884680
-0.120000 3.895380
-0.106667 3.904600
-0.093333 3.910670
-0.080000 3.913470
-0.066667 3.914080
-0.053333 3.913610
-0.040000 3.911120
-0.026667 3.905700
-0.013333 3.897910
-0.000000 3.888750
0.013333 3.878880
0.026667 3.868650
0.040000 3.858210
0.053333 3.847660
0.066667 3.837030
0.080000 3.826340
0.093333 3.815630
0.106667 3.804890
0.120000 3.794160
0.133333 3.783450
0.146667 3.772760
0.160000 3.762110
0.173333 3.751530
0.186667 3.741030
0.200000 3.730640
0.213333 3.720370
0.226667 3.710240
0.240000 3.700290
0.253333 3.690530
0.266667 3.681000
0.280000 3.671710
0.293333 3.662720
0.306667 3.654050
0.320000 3.645780
0.333333 3.638020
0.346667 3.630910
0.360000 3.624720
0.373333 3.619780
0.386667 3.616460
0.400000 3.614860
0.413333 3.614510
0.426667 3.614860
0.440000 3.616890
0.453333 3.622370
0.466667 3.633210
0.480000 3.651520
0.493333 3.679560
0.506667 3.718920
0.520000 3.768510
0.533333 3.823370
0.546667 3.876670
0.560000 3.923450
0.573333 3.961940
0.586667 3.992590
0.600000 4.016640
0.613333 4.035400
0.626667 4.049890
0.640000 4.060870
0.653333 4.068870
0.666667 4.074300
0.680000 4.077550
0.693333 4.079090
0.706667 4.079490
0.720000 4.079380
0.733333 4.078490
0.746667 4.076300
0.760000 4.072760
0.773333 4.068160
0.786667 4.062720
0.800000 4.056580
0.813333 4.049790
0.826667 4.042400
0.840000 4.034450
0.853333 4.025960
0.866667 4.017000
0.880000 4.007580
0.893333 3.997750
0.906667 3.987550
0.920000 3.977000
0.933333 3.966140
0.946667 3.954980
0.960000 3.943550
0.973333 3.931840
0.986667 3.919890
1.000000 3.907690
1.013333 3.895290
1.026667 3.882700
1.040000 3.869980
1.053333 3.857140
1.066667 3.844230
1.080000 3.831250
1.093333 3.818240
1.106667 3.805200
1.120000 3.792170
1.133333 3.779170
1.146667 3.766230
1.160000 3.753390
1.173333 3.740680
1.186667 3.728130
1.200000 3.715800
1.213333 3.703740
1.226667 3.692000
1.240000 3.680640
1.253333 3.669690
1.266667 3.659210
1.280000 3.649280
1.293333 3.639970
1.306667 3.631480
1.320000 3.624070
1.333333 3.618120
1.346667 3.613990
1.360000 3.611810
1.373333 3.611180
1.386667 3.611340
1.400000 3.612770
1.413333 3.616930
1.426667 3.624780
1.440000 3.636630
1.453333 3.652470
1.466667 3.672250
1.480000 3.695820
1.493333 3.722880
1.506667 3.752750
1.520000 3.784440
1.533333 3.816790
1.546667 3.848730
1.560000 3.879400
1.573333 3.908220
1.586667 3.934830
1.600000 3.959020
1.613333 3.980710
1.626667 3.999960
1.640000 4.016870
1.653333 4.031600
1.666667 4.044230
1.680000 4.054840
1.693333 4.063670
1.706667 4.070850
1.720000 4.076450
1.733333 4.080950
1.746667 4.085510
1.760000 4.090330
1.773333 4.093790
1.786667 4.094920
1.800000 4.093420
1.813333 4.089800
1.826667 4.084360
1.840000 4.074810
1.853333 4.052410
1.866667 3.997090
1.880000 3.897420
1.893333 3.784690
1.906667 3.691440
1.920000 3.624760
1.933333 3.581480
1.946667 3.555390
1.960000 3.539700
1.973333 3.528480
1.986667 3.522600
2.000000 3.542850
2.013333 3.630360
2.026667 3.788760
2.040000 3.952970
2.053333 4.081720
2.066667 4.169740
2.080000 4.221660
2.093333 4.244540
2.106667 4.246150
2.120000 4.234030
2.133333 4.214810
2.146667 4.192470
2.160000 4.159100
2.173333 4.084960
2.186667 3.935910
2.200000 3.740730
2.213333 3.560020
2.226667 3.416480
2.240000 3.311070
2.253333 3.239040
2.266667 3.193550
2.280000 3.167360
2.293333 3.153880
2.306667 3.147870
2.320000 3.147440
2.333333 3.165260
2.346667 3.234960
2.360000 3.380040
2.373333 3.560360
2.386667 3.728760
2.400000 3.869750
2.413333 3.980690
2.426667 4.063470
2.440000 4.122870
2.453333 4.165180
2.466667 4.197010
2.480000 4.224350
2.493333 4.248800
2.506667 4.253070
2.520000 4.201470
2.533333 4.078300
2.546667 3.914070
2.560000 3.742270
2.573333 3.588030
2.586667 3.472420
2.600000 3.403730
2.613333 3.375520
2.626667 3.373910
2.640000 3.384520
2.653333 3.407720
2.666667 3.480840
2.680000 3.633520
2.693333 3.827980
2.706667 4.024530
2.720000 4.210450
2.733333 4.373310
2.746667 4.480160
2.760000 4.249770
2.773333 2.749740
2.786667 1.405980
2.800000 1.207120
2.813333 1.199770
2.826667 1.200010
2.840000 1.199610
2.853333 1.198330
2.866667 1.196160
2.880000 1.193130
2.893333 1.189240
2.906667 1.184510
2.920000 1.178960
2.933333 1.172610
2.946667 1.165500
2.960000 1.157650
2.973333 1.149100
2.986667 1.139890
3.000000 1.139890
