0.000000 1.000000
0.005000 1.000000
0.010000 1.000000
0.015000 1.000000
0.020000 1.000000
0.025000 1.000000
0.030000 1.000000
0.035000 1.000000
0.040000 1.000000
0.045000 1.000000
0.050000 1.000000
0.055000 1.000000
0.060000 1.000000
0.065000 1.000000
0.070000 1.000000
0.075000 1.000000
0.080000 1.000000
0.085000 1.000000
0.090000 1.000000
0.095000 1.000000
0.100000 1.000000
0.105000 1.000000
0.110000 1.000000
0.115000 1.000000
0.120000 1.000000
0.125000 1.000000
0.130000 1.000000
0.135000 1.000000
0.140000 1.000000
0.145000 1.000000
0.150000 1.000000
0.155000 1.000000
0.160000 1.000000
0.165000 1.000000
0.170000 1.000000
0.175000 1.000000
0.180000 1.000000
0.185000 1.000000
0.190000 1.000000
0.195000 1.000000
0.200000 1.000000
0.205000 1.000000
0.210000 0.999990
0.215000 0.999970
0.220000 0.999930
0.225000 0.999840
0.230000 0.999650
0.235000 0.999250
0.240000 0.998490
0.245000 0.997090
0.250000 0.994680
0.255000 0.990820
0.260000 0.985030
0.265000 0.976990
0.270000 0.966570
0.275000 0.953990
0.280000 0.939700
0.285000 0.924280
0.290000 0.908270
0.295000 0.892070
0.300000 0.875920
0.305000 0.859930
0.310000 0.844150
0.315000 0.828600
0.320000 0.813260
0.325000 0.798140
0.330000 0.783230
0.335000 0.768520
0.340000 0.754010
0.345000 0.739710
0.350000 0.725600
0.355000 0.711690
0.360000 0.697990
0.365000 0.684480
0.370000 0.671190
0.375000 0.658100
0.380000 0.645230
0.385000 0.632580
0.390000 0.620150
0.395000 0.607950
0.400000 0.595980
0.405000 0.584250
0.410000 0.572770
0.415000 0.561530
0.420000 0.550530
0.425000 0.539790
0.430000 0.529290
0.435000 0.519040
0.440000 0.509030
0.445000 0.499260
0.450000 0.489720
0.455000 0.480420
0.460000 0.471360
0.465000 0.462550
0.470000 0.454040
0.475000 0.445940
0.480000 0.438540
0.485000 0.432450
0.490000 0.428330
0.495000 0.426230
0.500000 0.425570
0.505000 0.425570
0.510000 0.425980
0.515000 0.426150
0.520000 0.426240
0.525000 0.426310
0.530000 0.426360
0.535000 0.426410
0.540000 0.426450
0.545000 0.426490
0.550000 0.426520
0.555000 0.426550
0.560000 0.426570
0.565000 0.426600
0.570000 0.426620
0.575000 0.426640
0.580000 0.426660
0.585000 0.426690
0.590000 0.426710
0.595000 0.426730
0.600000 0.426750
0.605000 0.426780
0.610000 0.426830
0.615000 0.426890
0.620000 0.426930
0.625000 0.426930
0.630000 0.426930
0.635000 0.426900
0.640000 0.426810
0.645000 0.426560
0.650000 0.425970
0.655000 0.424640
0.660000 0.421780
0.665000 0.415920
0.670000 0.404430
0.675000 0.383110
0.680000 0.350600
0.685000 0.318540
0.690000 0.295680
0.695000 0.281530
0.700000 0.273490
0.705000 0.269250
0.710000 0.267160
0.715000 0.266200
0.720000 0.265790
0.725000 0.265630
0.730000 0.265580
0.735000 0.265570
0.740000 0.265570
0.745000 0.265570
0.750000 0.265570
0.755000 0.265570
0.760000 0.265570
0.765000 0.265570
0.770000 0.265570
0.775000 0.265570
0.780000 0.265570
0.785000 0.265570
0.790000 0.265570
0.795000 0.265570
0.800000 0.265570
0.805000 0.265570
0.810000 0.265570
0.815000 0.265570
0.820000 0.265550
0.825000 0.265470
0.830000 0.265110
0.835000 0.263490
0.840000 0.256620
0.845000 0.231010
0.850000 0.172740
0.855000 0.134520
0.860000 0.126140
0.865000 0.125120
0.870000 0.125010
0.875000 0.125000
0.880000 0.125000
0.885000 0.125000
0.890000 0.125000
0.895000 0.125000
0.900000 0.125000
0.905000 0.125000
0.910000 0.125000
0.915000 0.125000
0.920000 0.125000
0.925000 0.125000
0.930000 0.125000
0.935000 0.125000
0.940000 0.125000
0.945000 0.125000
0.950000 0.125000
0.955000 0.125000
0.960000 0.125000
0.965000 0.125000
0.970000 0.125000
0.975000 0.125000
0.980000 0.125000
0.985000 0.125000
0.990000 0.125000
0.995000 0.125000
1.000000 0.125000
