0.000000 1.000000
0.000500 1.000000
0.001000 1.000000
0.001500 1.000000
0.002000 1.000000
0.002500 1.000000
0.003000 1.000000
0.003500 1.000000
0.004000 1.000000
0.004500 1.000000
0.005000 1.000000
0.005500 1.000000
0.006000 1.000000
0.006500 1.000000
0.007000 1.000000
0.007500 1.000000
0.008000 1.000000
0.008500 1.000000
0.009000 1.000000
0.009500 1.000000
0.010000 1.000000
0.010500 1.000000
0.011000 1.000000
0.011500 1.000000
0.012000 1.000000
0.012500 1.000000
0.013000 1.000000
0.013500 1.000000
0.014000 1.000000
0.014500 1.000000
0.015000 1.000000
0.015500 1.000000
0.016000 1.000000
0.016500 1.000000
0.017000 1.000000
0.017500 1.000000
0.018000 1.000000
0.018500 1.000000
0.019000 1.000000
0.019500 1.000000
0.020000 1.000000
0.020500 1.000000
0.021000 1.000000
0.021500 1.000000
0.022000 1.000000
0.022500 1.000000
0.023000 1.000000
0.023500 1.000000
0.024000 1.000000
0.024500 1.000000
0.025000 1.000000
0.025500 1.000000
0.026000 1.000000
0.026500 1.000000
0.027000 1.000000
0.027500 1.000000
0.028000 1.000000
0.028500 1.000000
0.029000 1.000000
0.029500 1.000000
0.030000 1.000000
0.030500 1.000000
0.031000 1.000000
0.031500 1.000000
0.032000 1.000000
0.032500 1.000000
0.033000 1.000000
0.033500 1.000000
0.034000 1.000000
0.034500 1.000000
0.035000 1.000000
0.035500 1.000000
0.036000 1.000000
0.036500 1.000000
0.037000 1.000000
0.037500 1.000000
0.038000 1.000000
0.038500 1.000000
0.039000 1.000000
0.039500 1.000000
0.040000 1.000000
0.040500 1.000000
0.041000 1.000000
0.041500 1.000000
0.042000 1.000000
0.042500 1.000000
0.043000 1.000000
0.043500 1.000000
0.044000 1.000000
0.044500 1.000000
0.045000 1.000000
0.045500 1.000000
0.046000 1.000000
0.046500 1.000000
0.047000 1.000000
0.047500 1.000000
0.048000 1.000000
0.048500 1.000000
0.049000 1.000000
0.049500 1.000000
0.050000 1.000000
0.050500 1.000000
0.051000 1.000000
0.051500 1.000000
0.052000 1.000000
0.052500 1.000000
0.053000 1.000000
0.053500 1.000000
0.054000 1.000000
0.054500 1.000000
0.055000 1.000000
0.055500 1.000000
0.056000 1.000000
0.056500 1.000000
0.057000 1.000000
0.057500 1.000000
0.058000 1.000000
0.058500 1.000000
0.059000 1.000000
0.059500 1.000000
0.060000 1.000000
0.060500 1.000000
0.061000 1.000000
0.061500 1.000000
0.062000 1.000000
0.062500 1.000000
0.063000 1.000000
0.063500 1.000000
0.064000 1.000000
0.064500 1.000000
0.065000 1.000000
0.065500 1.000000
0.066000 1.000000
0.066500 1.000000
0.067000 1.000000
0.067500 1.000000
0.068000 1.000000
0.068500 1.000000
0.069000 1.000000
0.069500 1.000000
0.070000 1.000000
0.070500 1.000000
0.071000 1.000000
0.071500 1.000000
0.072000 1.000000
0.072500 1.000000
0.073000 1.000000
0.073500 1.000000
0.074000 1.000000
0.074500 1.000000
0.075000 1.000000
0.075500 1.000000
0.076000 1.000000
0.076500 1.000000
0.077000 1.000000
0.077500 1.000000
0.078000 1.000000
0.078500 1.000000
0.079000 1.000000
0.079500 1.000000
0.080000 1.000000
0.080500 1.000000
0.081000 1.000000
0.081500 1.000000
0.082000 1.000000
0.082500 1.000000
0.083000 1.000000
0.083500 1.000000
0.084000 1.000000
0.084500 1.000000
0.085000 1.000000
0.085500 1.000000
0.086000 1.000000
0.086500 1.000000
0.087000 1.000000
0.087500 1.000000
0.088000 1.000000
0.088500 1.000000
0.089000 1.000000
0.089500 1.000000
0.090000 1.000000
0.090500 1.000000
0.091000 1.000000
0.091500 1.000000
0.092000 1.000000
0.092500 1.000000
0.093000 1.000000
0.093500 1.000000
0.094000 1.000000
0.094500 1.000000
0.095000 1.000000
0.095500 1.000000
0.096000 1.000000
0.096500 1.000000
0.097000 1.000000
0.097500 1.000000
0.098000 1.000000
0.098500 1.000000
0.099000 1.000000
0.099500 1.000000
0.100000 1.000000
0.100500 1.000000
0.101000 1.000000
0.101500 1.000000
0.102000 1.000000
0.102500 1.000000
0.103000 1.000000
0.103500 1.000000
0.104000 1.000000
0.104500 1.000000
0.105000 1.000000
0.105500 1.000000
0.106000 1.000000
0.106500 1.000000
0.107000 1.000000
0.107500 1.000000
0.108000 1.000000
0.108500 1.000000
0.109000 1.000000
0.109500 1.000000
0.110000 1.000000
0.110500 1.000000
0.111000 1.000000
0.111500 1.000000
0.112000 1.000000
0.112500 1.000000
0.113000 1.000000
0.113500 1.000000
0.114000 1.000000
0.114500 1.000000
0.115000 1.000000
0.115500 1.000000
0.116000 1.000000
0.116500 1.000000
0.117000 1.000000
0.117500 1.000000
0.118000 1.000000
0.118500 1.000000
0.119000 1.000000
0.119500 1.000000
0.120000 1.000000
0.120500 1.000000
0.121000 1.000000
0.121500 1.000000
0.122000 1.000000
0.122500 1.000000
0.123000 1.000000
0.123500 1.000000
0.124000 1.000000
0.124500 1.000000
0.125000 1.000000
0.125500 1.000000
0.126000 1.000000
0.126500 1.000000
0.127000 1.000000
0.127500 1.000000
0.128000 1.000000
0.128500 1.000000
0.129000 1.000000
0.129500 1.000000
0.130000 1.000000
0.130500 1.000000
0.131000 1.000000
0.131500 1.000000
0.132000 1.000000
0.132500 1.000000
0.133000 1.000000
0.133500 1.000000
0.134000 1.000000
0.134500 1.000000
0.135000 1.000000
0.135500 1.000000
0.136000 1.000000
0.136500 1.000000
0.137000 1.000000
0.137500 1.000000
0.138000 1.000000
0.138500 1.000000
0.139000 1.000000
0.139500 1.000000
0.140000 1.000000
0.140500 1.000000
0.141000 1.000000
0.141500 1.000000
0.142000 1.000000
0.142500 1.000000
0.143000 1.000000
0.143500 1.000000
0.144000 1.000000
0.144500 1.000000
0.145000 1.000000
0.145500 1.000000
0.146000 1.000000
0.146500 1.000000
0.147000 1.000000
0.147500 1.000000
0.148000 1.000000
0.148500 1.000000
0.149000 1.000000
0.149500 1.000000
0.150000 1.000000
0.150500 1.000000
0.151000 1.000000
0.151500 1.000000
0.152000 1.000000
0.152500 1.000000
0.153000 1.000000
0.153500 1.000000
0.154000 1.000000
0.154500 1.000000
0.155000 1.000000
0.155500 1.000000
0.156000 1.000000
0.156500 1.000000
0.157000 1.000000
0.157500 1.000000
0.158000 1.000000
0.158500 1.000000
0.159000 1.000000
0.159500 1.000000
0.160000 1.000000
0.160500 1.000000
0.161000 1.000000
0.161500 1.000000
0.162000 1.000000
0.162500 1.000000
0.163000 1.000000
0.163500 1.000000
0.164000 1.000000
0.164500 1.000000
0.165000 1.000000
0.165500 1.000000
0.166000 1.000000
0.166500 1.000000
0.167000 1.000000
0.167500 1.000000
0.168000 1.000000
0.168500 1.000000
0.169000 1.000000
0.169500 1.000000
0.170000 1.000000
0.170500 1.000000
0.171000 1.000000
0.171500 1.000000
0.172000 1.000000
0.172500 1.000000
0.173000 1.000000
0.173500 1.000000
0.174000 1.000000
0.174500 1.000000
0.175000 1.000000
0.175500 1.000000
0.176000 1.000000
0.176500 1.000000
0.177000 1.000000
0.177500 1.000000
0.178000 1.000000
0.178500 1.000000
0.179000 1.000000
0.179500 1.000000
0.180000 1.000000
0.180500 1.000000
0.181000 1.000000
0.181500 1.000000
0.182000 1.000000
0.182500 1.000000
0.183000 1.000000
0.183500 1.000000
0.184000 1.000000
0.184500 1.000000
0.185000 1.000000
0.185500 1.000000
0.186000 1.000000
0.186500 1.000000
0.187000 1.000000
0.187500 1.000000
0.188000 1.000000
0.188500 1.000000
0.189000 1.000000
0.189500 1.000000
0.190000 1.000000
0.190500 1.000000
0.191000 1.000000
0.191500 1.000000
0.192000 1.000000
0.192500 1.000000
0.193000 1.000000
0.193500 1.000000
0.194000 1.000000
0.194500 1.000000
0.195000 1.000000
0.195500 1.000000
0.196000 1.000000
0.196500 1.000000
0.197000 1.000000
0.197500 1.000000
0.198000 1.000000
0.198500 1.000000
0.199000 1.000000
0.199500 1.000000
0.200000 1.000000
0.200500 1.000000
0.201000 1.000000
0.201500 1.000000
0.202000 1.000000
0.202500 1.000000
0.203000 1.000000
0.203500 1.000000
0.204000 1.000000
0.204500 1.000000
0.205000 1.000000
0.205500 1.000000
0.206000 1.000000
0.206500 1.000000
0.207000 1.000000
0.207500 1.000000
0.208000 1.000000
0.208500 1.000000
0.209000 1.000000
0.209500 1.000000
0.210000 1.000000
0.210500 1.000000
0.211000 1.000000
0.211500 1.000000
0.212000 1.000000
0.212500 1.000000
0.213000 1.000000
0.213500 1.000000
0.214000 1.000000
0.214500 1.000000
0.215000 1.000000
0.215500 1.000000
0.216000 1.000000
0.216500 1.000000
0.217000 1.000000
0.217500 1.000000
0.218000 1.000000
0.218500 1.000000
0.219000 1.000000
0.219500 1.000000
0.220000 1.000000
0.220500 1.000000
0.221000 1.000000
0.221500 1.000000
0.222000 1.000000
0.222500 1.000000
0.223000 1.000000
0.223500 1.000000
0.224000 1.000000
0.224500 1.000000
0.225000 1.000000
0.225500 1.000000
0.226000 1.000000
0.226500 1.000000
0.227000 1.000000
0.227500 1.000000
0.228000 0.999990
0.228500 0.999990
0.229000 0.999990
0.229500 0.999990
0.230000 0.999990
0.230500 0.999990
0.231000 0.999980
0.231500 0.999980
0.232000 0.999970
0.232500 0.999970
0.233000 0.999960
0.233500 0.999960
0.234000 0.999950
0.234500 0.999940
0.235000 0.999930
0.235500 0.999910
0.236000 0.999900
0.236500 0.999880
0.237000 0.999860
0.237500 0.999830
0.238000 0.999800
0.238500 0.999770
0.239000 0.999730
0.239500 0.999690
0.240000 0.999640
0.240500 0.999590
0.241000 0.999530
0.241500 0.999460
0.242000 0.999380
0.242500 0.999290
0.243000 0.999190
0.243500 0.999090
0.244000 0.998970
0.244500 0.998830
0.245000 0.998690
0.245500 0.998530
0.246000 0.998350
0.246500 0.998160
0.247000 0.997950
0.247500 0.997720
0.248000 0.997470
0.248500 0.997210
0.249000 0.996920
0.249500 0.996610
0.250000 0.996280
0.250500 0.995920
0.251000 0.995540
0.251500 0.995140
0.252000 0.994710
0.252500 0.994260
0.253000 0.993770
0.253500 0.993270
0.254000 0.992730
0.254500 0.992170
0.255000 0.991590
0.255500 0.990970
0.256000 0.990330
0.256500 0.989660
0.257000 0.988960
0.257500 0.988240
0.258000 0.987490
0.258500 0.986720
0.259000 0.985910
0.259500 0.985090
0.260000 0.984230
0.260500 0.983360
0.261000 0.982450
0.261500 0.981530
0.262000 0.980580
0.262500 0.979610
0.263000 0.978610
0.263500 0.977600
0.264000 0.976560
0.264500 0.975500
0.265000 0.974430
0.265500 0.973330
0.266000 0.972220
0.266500 0.971090
0.267000 0.969940
0.267500 0.968770
0.268000 0.967590
0.268500 0.966390
0.269000 0.965180
0.269500 0.963950
0.270000 0.962710
0.270500 0.961460
0.271000 0.960190
0.271500 0.958910
0.272000 0.957620
0.272500 0.956320
0.273000 0.955000
0.273500 0.953680
0.274000 0.952350
0.274500 0.951010
0.275000 0.949660
0.275500 0.948300
0.276000 0.946930
0.276500 0.945550
0.277000 0.944170
0.277500 0.942780
0.278000 0.941380
0.278500 0.939980
0.279000 0.938570
0.279500 0.937150
0.280000 0.935730
0.280500 0.934310
0.281000 0.932870
0.281500 0.931440
0.282000 0.930000
0.282500 0.928550
0.283000 0.927110
0.283500 0.925650
0.284000 0.924200
0.284500 0.922740
0.285000 0.921280
0.285500 0.919810
0.286000 0.918340
0.286500 0.916870
0.287000 0.915400
0.287500 0.913920
0.288000 0.912440
0.288500 0.910960
0.289000 0.909480
0.289500 0.908000
0.290000 0.906510
0.290500 0.905030
0.291000 0.903540
0.291500 0.902050
0.292000 0.900560
0.292500 0.899070
0.293000 0.897580
0.293500 0.896080
0.294000 0.894590
0.294500 0.893100
0.295000 0.891600
0.295500 0.890110
0.296000 0.888610
0.296500 0.887110
0.297000 0.885620
0.297500 0.884120
0.298000 0.882630
0.298500 0.881130
0.299000 0.879630
0.299500 0.878140
0.300000 0.876640
0.300500 0.875140
0.301000 0.873650
0.301500 0.872150
0.302000 0.870660
0.302500 0.869160
0.303000 0.867670
0.303500 0.866180
0.304000 0.864680
0.304500 0.863190
0.305000 0.861700
0.305500 0.860210
0.306000 0.858720
0.306500 0.857230
0.307000 0.855740
0.307500 0.854250
0.308000 0.852770
0.308500 0.851280
0.309000 0.849790
0.309500 0.848310
0.310000 0.846830
0.310500 0.845340
0.311000 0.843860
0.311500 0.842380
0.312000 0.840910
0.312500 0.839430
0.313000 0.837950
0.313500 0.836480
0.314000 0.835000
0.314500 0.833530
0.315000 0.832060
0.315500 0.830590
0.316000 0.829120
0.316500 0.827650
0.317000 0.826180
0.317500 0.824720
0.318000 0.823250
0.318500 0.821790
0.319000 0.820330
0.319500 0.818870
0.320000 0.817410
0.320500 0.815960
0.321000 0.814500
0.321500 0.813050
0.322000 0.811590
0.322500 0.810140
0.323000 0.808690
0.323500 0.807250
0.324000 0.805800
0.324500 0.804350
0.325000 0.802910
0.325500 0.801470
0.326000 0.800030
0.326500 0.798590
0.327000 0.797150
0.327500 0.795720
0.328000 0.794280
0.328500 0.792850
0.329000 0.791420
0.329500 0.789990
0.330000 0.788560
0.330500 0.787140
0.331000 0.785710
0.331500 0.784290
0.332000 0.782870
0.332500 0.781450
0.333000 0.780030
0.333500 0.778620
0.334000 0.777200
0.334500 0.775790
0.335000 0.774380
0.335500 0.772970
0.336000 0.771560
0.336500 0.770160
0.337000 0.768760
0.337500 0.767350
0.338000 0.765950
0.338500 0.764550
0.339000 0.763160
0.339500 0.761760
0.340000 0.760370
0.340500 0.758980
0.341000 0.757590
0.341500 0.756200
0.342000 0.754810
0.342500 0.753430
0.343000 0.752040
0.343500 0.750660
0.344000 0.749280
0.344500 0.747900
0.345000 0.746530
0.345500 0.745150
0.346000 0.743780
0.346500 0.742410
0.347000 0.741040
0.347500 0.739680
0.348000 0.738310
0.348500 0.736950
0.349000 0.735580
0.349500 0.734220
0.350000 0.732870
0.350500 0.731510
0.351000 0.730160
0.351500 0.728800
0.352000 0.727450
0.352500 0.726100
0.353000 0.724760
0.353500 0.723410
0.354000 0.722070
0.354500 0.720720
0.355000 0.719380
0.355500 0.718050
0.356000 0.716710
0.356500 0.715370
0.357000 0.714040
0.357500 0.712710
0.358000 0.711380
0.358500 0.710050
0.359000 0.708730
0.359500 0.707400
0.360000 0.706080
0.360500 0.704760
0.361000 0.703440
0.361500 0.702130
0.362000 0.700810
0.362500 0.699500
0.363000 0.698190
0.363500 0.696880
0.364000 0.695570
0.364500 0.694270
0.365000 0.692960
0.365500 0.691660
0.366000 0.690360
0.366500 0.689060
0.367000 0.687760
0.367500 0.686470
0.368000 0.685180
0.368500 0.683890
0.369000 0.682600
0.369500 0.681310
0.370000 0.680020
0.370500 0.678740
0.371000 0.677460
0.371500 0.676180
0.372000 0.674900
0.372500 0.673620
0.373000 0.672350
0.373500 0.671070
0.374000 0.669800
0.374500 0.668530
0.375000 0.667260
0.375500 0.666000
0.376000 0.664740
0.376500 0.663470
0.377000 0.662210
0.377500 0.660950
0.378000 0.659700
0.378500 0.658440
0.379000 0.657190
0.379500 0.655940
0.380000 0.654690
0.380500 0.653440
0.381000 0.652190
0.381500 0.650950
0.382000 0.649710
0.382500 0.648470
0.383000 0.647230
0.383500 0.645990
0.384000 0.644760
0.384500 0.643520
0.385000 0.642290
0.385500 0.641060
0.386000 0.639830
0.386500 0.638610
0.387000 0.637380
0.387500 0.636160
0.388000 0.634940
0.388500 0.633720
0.389000 0.632500
0.389500 0.631290
0.390000 0.630070
0.390500 0.628860
0.391000 0.627650
0.391500 0.626440
0.392000 0.625240
0.392500 0.624030
0.393000 0.622830
0.393500 0.621630
0.394000 0.620430
0.394500 0.619230
0.395000 0.618040
0.395500 0.616840
0.396000 0.615650
0.396500 0.614460
0.397000 0.613270
0.397500 0.612080
0.398000 0.610900
0.398500 0.609710
0.399000 0.608530
0.399500 0.607350
0.400000 0.606170
0.400500 0.605000
0.401000 0.603820
0.401500 0.602650
0.402000 0.601480
0.402500 0.600310
0.403000 0.599140
0.403500 0.597980
0.404000 0.596810
0.404500 0.595650
0.405000 0.594490
0.405500 0.593330
0.406000 0.592170
0.406500 0.591020
0.407000 0.589860
0.407500 0.588710
0.408000 0.587560
0.408500 0.586410
0.409000 0.585260
0.409500 0.584120
0.410000 0.582980
0.410500 0.581830
0.411000 0.580690
0.411500 0.579560
0.412000 0.578420
0.412500 0.577290
0.413000 0.576150
0.413500 0.575020
0.414000 0.573890
0.414500 0.572760
0.415000 0.571640
0.415500 0.570510
0.416000 0.569390
0.416500 0.568270
0.417000 0.567150
0.417500 0.566030
0.418000 0.564920
0.418500 0.563800
0.419000 0.562690
0.419500 0.561580
0.420000 0.560470
0.420500 0.559360
0.421000 0.558260
0.421500 0.557150
0.422000 0.556050
0.422500 0.554950
0.423000 0.553850
0.423500 0.552760
0.424000 0.551660
0.424500 0.550570
0.425000 0.549470
0.425500 0.548380
0.426000 0.547290
0.426500 0.546210
0.427000 0.545120
0.427500 0.544040
0.428000 0.542960
0.428500 0.541880
0.429000 0.540800
0.429500 0.539720
0.430000 0.538650
0.430500 0.537570
0.431000 0.536500
0.431500 0.535430
0.432000 0.534360
0.432500 0.533290
0.433000 0.532230
0.433500 0.531160
0.434000 0.530100
0.434500 0.529040
0.435000 0.527980
0.435500 0.526930
0.436000 0.525870
0.436500 0.524820
0.437000 0.523770
0.437500 0.522720
0.438000 0.521670
0.438500 0.520620
0.439000 0.519570
0.439500 0.518530
0.440000 0.517490
0.440500 0.516450
0.441000 0.515410
0.441500 0.514370
0.442000 0.513340
0.442500 0.512300
0.443000 0.511270
0.443500 0.510240
0.444000 0.509210
0.444500 0.508180
0.445000 0.507160
0.445500 0.506130
0.446000 0.505110
0.446500 0.504090
0.447000 0.503070
0.447500 0.502050
0.448000 0.501040
0.448500 0.500020
0.449000 0.499010
0.449500 0.498000
0.450000 0.496990
0.450500 0.495980
0.451000 0.494980
0.451500 0.493970
0.452000 0.492970
0.452500 0.491970
0.453000 0.490970
0.453500 0.489970
0.454000 0.488980
0.454500 0.487980
0.455000 0.486990
0.455500 0.486000
0.456000 0.485010
0.456500 0.484020
0.457000 0.483030
0.457500 0.482050
0.458000 0.481070
0.458500 0.480080
0.459000 0.479100
0.459500 0.478130
0.460000 0.477150
0.460500 0.476180
0.461000 0.475200
0.461500 0.474230
0.462000 0.473260
0.462500 0.472290
0.463000 0.471330
0.463500 0.470360
0.464000 0.469400
0.464500 0.468440
0.465000 0.467480
0.465500 0.466520
0.466000 0.465570
0.466500 0.464610
0.467000 0.463660
0.467500 0.462710
0.468000 0.461760
0.468500 0.460820
0.469000 0.459870
0.469500 0.458930
0.470000 0.457990
0.470500 0.457050
0.471000 0.456120
0.471500 0.455180
0.472000 0.454250
0.472500 0.453320
0.473000 0.452390
0.473500 0.451470
0.474000 0.450550
0.474500 0.449630
0.475000 0.448710
0.475500 0.447800
0.476000 0.446890
0.476500 0.445980
0.477000 0.445070
0.477500 0.444170
0.478000 0.443270
0.478500 0.442380
0.479000 0.441490
0.479500 0.440610
0.480000 0.439730
0.480500 0.438860
0.481000 0.438000
0.481500 0.437140
0.482000 0.436290
0.482500 0.435460
0.483000 0.434630
0.483500 0.433820
0.484000 0.433020
0.484500 0.432240
0.485000 0.431480
0.485500 0.430750
0.486000 0.430040
0.486500 0.429370
0.487000 0.428740
0.487500 0.428160
0.488000 0.427620
0.488500 0.427150
0.489000 0.426740
0.489500 0.426400
0.490000 0.426130
0.490500 0.425930
0.491000 0.425800
0.491500 0.425720
0.492000 0.425690
0.492500 0.425690
0.493000 0.425710
0.493500 0.425740
0.494000 0.425770
0.494500 0.425800
0.495000 0.425830
0.495500 0.425860
0.496000 0.425890
0.496500 0.425910
0.497000 0.425930
0.497500 0.425940
0.498000 0.425960
0.498500 0.425970
0.499000 0.425980
0.499500 0.425990
0.500000 0.426000
0.500500 0.426010
0.501000 0.426020
0.501500 0.426030
0.502000 0.426030
0.502500 0.426040
0.503000 0.426040
0.503500 0.426050
0.504000 0.426050
0.504500 0.426050
0.505000 0.426060
0.505500 0.426060
0.506000 0.426060
0.506500 0.426060
0.507000 0.426070
0.507500 0.426070
0.508000 0.426070
0.508500 0.426070
0.509000 0.426070
0.509500 0.426070
0.510000 0.426080
0.510500 0.426080
0.511000 0.426080
0.511500 0.426080
0.512000 0.426080
0.512500 0.426080
0.513000 0.426080
0.513500 0.426080
0.514000 0.426080
0.514500 0.426080
0.515000 0.426080
0.515500 0.426080
0.516000 0.426080
0.516500 0.426080
0.517000 0.426080
0.517500 0.426080
0.518000 0.426080
0.518500 0.426080
0.519000 0.426080
0.519500 0.426080
0.520000 0.426080
0.520500 0.426080
0.521000 0.426080
0.521500 0.426080
0.522000 0.426080
0.522500 0.426080
0.523000 0.426080
0.523500 0.426080
0.524000 0.426080
0.524500 0.426070
0.525000 0.426070
0.525500 0.426070
0.526000 0.426070
0.526500 0.426070
0.527000 0.426070
0.527500 0.426070
0.528000 0.426070
0.528500 0.426070
0.529000 0.426070
0.529500 0.426070
0.530000 0.426070
0.530500 0.426070
0.531000 0.426070
0.531500 0.426070
0.532000 0.426070
0.532500 0.426060
0.533000 0.426060
0.533500 0.426060
0.534000 0.426060
0.534500 0.426060
0.535000 0.426060
0.535500 0.426060
0.536000 0.426060
0.536500 0.426060
0.537000 0.426060
0.537500 0.426060
0.538000 0.426060
0.538500 0.426060
0.539000 0.426060
0.539500 0.426050
0.540000 0.426050
0.540500 0.426050
0.541000 0.426050
0.541500 0.426050
0.542000 0.426050
0.542500 0.426050
0.543000 0.426050
0.543500 0.426050
0.544000 0.426050
0.544500 0.426050
0.545000 0.426040
0.545500 0.426040
0.546000 0.426040
0.546500 0.426040
0.547000 0.426040
0.547500 0.426040
0.548000 0.426040
0.548500 0.426040
0.549000 0.426040
0.549500 0.426040
0.550000 0.426040
0.550500 0.426030
0.551000 0.426030
0.551500 0.426030
0.552000 0.426030
0.552500 0.426030
0.553000 0.426030
0.553500 0.426030
0.554000 0.426030
0.554500 0.426030
0.555000 0.426030
0.555500 0.426020
0.556000 0.426020
0.556500 0.426020
0.557000 0.426020
0.557500 0.426020
0.558000 0.426020
0.558500 0.426020
0.559000 0.426020
0.559500 0.426020
0.560000 0.426010
0.560500 0.426010
0.561000 0.426010
0.561500 0.426010
0.562000 0.426010
0.562500 0.426010
0.563000 0.426010
0.563500 0.426010
0.564000 0.426010
0.564500 0.426000
0.565000 0.426000
0.565500 0.426000
0.566000 0.426000
0.566500 0.426000
0.567000 0.426000
0.567500 0.426000
0.568000 0.425990
0.568500 0.425990
0.569000 0.425990
0.569500 0.425990
0.570000 0.425990
0.570500 0.425990
0.571000 0.425990
0.571500 0.425990
0.572000 0.425980
0.572500 0.425980
0.573000 0.425980
0.573500 0.425980
0.574000 0.425980
0.574500 0.425980
0.575000 0.425980
0.575500 0.425970
0.576000 0.425970
0.576500 0.425970
0.577000 0.425970
0.577500 0.425970
0.578000 0.425970
0.578500 0.425970
0.579000 0.425960
0.579500 0.425960
0.580000 0.425960
0.580500 0.425960
0.581000 0.425960
0.581500 0.425960
0.582000 0.425950
0.582500 0.425950
0.583000 0.425950
0.583500 0.425950
0.584000 0.425950
0.584500 0.425950
0.585000 0.425940
0.585500 0.425940
0.586000 0.425940
0.586500 0.425940
0.587000 0.425940
0.587500 0.425930
0.588000 0.425930
0.588500 0.425930
0.589000 0.425930
0.589500 0.425930
0.590000 0.425930
0.590500 0.425920
0.591000 0.425920
0.591500 0.425920
0.592000 0.425920
0.592500 0.425920
0.593000 0.425910
0.593500 0.425910
0.594000 0.425910
0.594500 0.425910
0.595000 0.425900
0.595500 0.425900
0.596000 0.425900
0.596500 0.425900
0.597000 0.425900
0.597500 0.425890
0.598000 0.425890
0.598500 0.425890
0.599000 0.425890
0.599500 0.425880
0.600000 0.425880
0.600500 0.425880
0.601000 0.425880
0.601500 0.425870
0.602000 0.425870
0.602500 0.425870
0.603000 0.425870
0.603500 0.425860
0.604000 0.425860
0.604500 0.425860
0.605000 0.425860
0.605500 0.425850
0.606000 0.425850
0.606500 0.425850
0.607000 0.425850
0.607500 0.425840
0.608000 0.425840
0.608500 0.425840
0.609000 0.425830
0.609500 0.425830
0.610000 0.425830
0.610500 0.425820
0.611000 0.425820
0.611500 0.425820
0.612000 0.425820
0.612500 0.425810
0.613000 0.425810
0.613500 0.425810
0.614000 0.425800
0.614500 0.425800
0.615000 0.425800
0.615500 0.425790
0.616000 0.425790
0.616500 0.425780
0.617000 0.425780
0.617500 0.425780
0.618000 0.425770
0.618500 0.425770
0.619000 0.425770
0.619500 0.425760
0.620000 0.425760
0.620500 0.425750
0.621000 0.425750
0.621500 0.425740
0.622000 0.425740
0.622500 0.425740
0.623000 0.425730
0.623500 0.425730
0.624000 0.425720
0.624500 0.425720
0.625000 0.425710
0.625500 0.425710
0.626000 0.425700
0.626500 0.425700
0.627000 0.425690
0.627500 0.425690
0.628000 0.425680
0.628500 0.425680
0.629000 0.425670
0.629500 0.425670
0.630000 0.425660
0.630500 0.425660
0.631000 0.425650
0.631500 0.425640
0.632000 0.425640
0.632500 0.425630
0.633000 0.425630
0.633500 0.425620
0.634000 0.425610
0.634500 0.425610
0.635000 0.425600
0.635500 0.425590
0.636000 0.425590
0.636500 0.425580
0.637000 0.425570
0.637500 0.425560
0.638000 0.425560
0.638500 0.425550
0.639000 0.425540
0.639500 0.425530
0.640000 0.425520
0.640500 0.425510
0.641000 0.425510
0.641500 0.425500
0.642000 0.425490
0.642500 0.425480
0.643000 0.425470
0.643500 0.425460
0.644000 0.425450
0.644500 0.425440
0.645000 0.425430
0.645500 0.425410
0.646000 0.425400
0.646500 0.425390
0.647000 0.425380
0.647500 0.425360
0.648000 0.425350
0.648500 0.425340
0.649000 0.425320
0.649500 0.425310
0.650000 0.425290
0.650500 0.425280
0.651000 0.425260
0.651500 0.425240
0.652000 0.425220
0.652500 0.425200
0.653000 0.425180
0.653500 0.425150
0.654000 0.425130
0.654500 0.425100
0.655000 0.425070
0.655500 0.425030
0.656000 0.425000
0.656500 0.424960
0.657000 0.424910
0.657500 0.424860
0.658000 0.424800
0.658500 0.424740
0.659000 0.424670
0.659500 0.424580
0.660000 0.424490
0.660500 0.424390
0.661000 0.424270
0.661500 0.424130
0.662000 0.423980
0.662500 0.423810
0.663000 0.423620
0.663500 0.423400
0.664000 0.423150
0.664500 0.422870
0.665000 0.422560
0.665500 0.422210
0.666000 0.421810
0.666500 0.421370
0.667000 0.420880
0.667500 0.420330
0.668000 0.419730
0.668500 0.419060
0.669000 0.418320
0.669500 0.417500
0.670000 0.416610
0.670500 0.415630
0.671000 0.414560
0.671500 0.413400
0.672000 0.412140
0.672500 0.410770
0.673000 0.409300
0.673500 0.407720
0.674000 0.406030
0.674500 0.404220
0.675000 0.402290
0.675500 0.400250
0.676000 0.398080
0.676500 0.395800
0.677000 0.393390
0.677500 0.390870
0.678000 0.388240
0.678500 0.385490
0.679000 0.382640
0.679500 0.379680
0.680000 0.376630
0.680500 0.373490
0.681000 0.370270
0.681500 0.366980
0.682000 0.363620
0.682500 0.360210
0.683000 0.356750
0.683500 0.353260
0.684000 0.349750
0.684500 0.346220
0.685000 0.342690
0.685500 0.339170
0.686000 0.335660
0.686500 0.332190
0.687000 0.328760
0.687500 0.325380
0.688000 0.322060
0.688500 0.318810
0.689000 0.315630
0.689500 0.312550
0.690000 0.309550
0.690500 0.306650
0.691000 0.303850
0.691500 0.301170
0.692000 0.298590
0.692500 0.296130
0.693000 0.293790
0.693500 0.291560
0.694000 0.289450
0.694500 0.287460
0.695000 0.285590
0.695500 0.283830
0.696000 0.282190
0.696500 0.280650
0.697000 0.279230
0.697500 0.277910
0.698000 0.276680
0.698500 0.275560
0.699000 0.274520
0.699500 0.273580
0.700000 0.272710
0.700500 0.271920
0.701000 0.271210
0.701500 0.270560
0.702000 0.269970
0.702500 0.269450
0.703000 0.268970
0.703500 0.268550
0.704000 0.268170
0.704500 0.267840
0.705000 0.267540
0.705500 0.267280
0.706000 0.267050
0.706500 0.266840
0.707000 0.266670
0.707500 0.266510
0.708000 0.266370
0.708500 0.266260
0.709000 0.266150
0.709500 0.266070
0.710000 0.265990
0.710500 0.265920
0.711000 0.265870
0.711500 0.265820
0.712000 0.265780
0.712500 0.265750
0.713000 0.265720
0.713500 0.265690
0.714000 0.265670
0.714500 0.265660
0.715000 0.265640
0.715500 0.265630
0.716000 0.265620
0.716500 0.265610
0.717000 0.265600
0.717500 0.265600
0.718000 0.265590
0.718500 0.265590
0.719000 0.265590
0.719500 0.265590
0.720000 0.265580
0.720500 0.265580
0.721000 0.265580
0.721500 0.265580
0.722000 0.265580
0.722500 0.265580
0.723000 0.265580
0.723500 0.265580
0.724000 0.265580
0.724500 0.265580
0.725000 0.265580
0.725500 0.265580
0.726000 0.265580
0.726500 0.265580
0.727000 0.265580
0.727500 0.265580
0.728000 0.265580
0.728500 0.265580
0.729000 0.265580
0.729500 0.265580
0.730000 0.265580
0.730500 0.265580
0.731000 0.265580
0.731500 0.265580
0.732000 0.265580
0.732500 0.265580
0.733000 0.265580
0.733500 0.265580
0.734000 0.265580
0.734500 0.265580
0.735000 0.265580
0.735500 0.265580
0.736000 0.265580
0.736500 0.265580
0.737000 0.265580
0.737500 0.265580
0.738000 0.265580
0.738500 0.265580
0.739000 0.265580
0.739500 0.265580
0.740000 0.265580
0.740500 0.265580
0.741000 0.265580
0.741500 0.265580
0.742000 0.265580
0.742500 0.265580
0.743000 0.265580
0.743500 0.265580
0.744000 0.265580
0.744500 0.265580
0.745000 0.265580
0.745500 0.265580
0.746000 0.265580
0.746500 0.265580
0.747000 0.265580
0.747500 0.265580
0.748000 0.265580
0.748500 0.265580
0.749000 0.265580
0.749500 0.265580
0.750000 0.265580
0.750500 0.265580
0.751000 0.265580
0.751500 0.265580
0.752000 0.265580
0.752500 0.265580
0.753000 0.265580
0.753500 0.265580
0.754000 0.265580
0.754500 0.265580
0.755000 0.265580
0.755500 0.265580
0.756000 0.265580
0.756500 0.265580
0.757000 0.265580
0.757500 0.265580
0.758000 0.265580
0.758500 0.265580
0.759000 0.265580
0.759500 0.265580
0.760000 0.265580
0.760500 0.265580
0.761000 0.265580
0.761500 0.265580
0.762000 0.265580
0.762500 0.265580
0.763000 0.265580
0.763500 0.265580
0.764000 0.265580
0.764500 0.265580
0.765000 0.265580
0.765500 0.265580
0.766000 0.265580
0.766500 0.265580
0.767000 0.265580
0.767500 0.265580
0.768000 0.265580
0.768500 0.265580
0.769000 0.265580
0.769500 0.265580
0.770000 0.265580
0.770500 0.265580
0.771000 0.265580
0.771500 0.265580
0.772000 0.265580
0.772500 0.265580
0.773000 0.265580
0.773500 0.265580
0.774000 0.265580
0.774500 0.265580
0.775000 0.265580
0.775500 0.265580
0.776000 0.265580
0.776500 0.265580
0.777000 0.265580
0.777500 0.265580
0.778000 0.265580
0.778500 0.265580
0.779000 0.265580
0.779500 0.265580
0.780000 0.265580
0.780500 0.265580
0.781000 0.265580
0.781500 0.265580
0.782000 0.265580
0.782500 0.265580
0.783000 0.265580
0.783500 0.265580
0.784000 0.265580
0.784500 0.265580
0.785000 0.265580
0.785500 0.265580
0.786000 0.265580
0.786500 0.265580
0.787000 0.265580
0.787500 0.265580
0.788000 0.265580
0.788500 0.265580
0.789000 0.265580
0.789500 0.265580
0.790000 0.265580
0.790500 0.265580
0.791000 0.265580
0.791500 0.265580
0.792000 0.265580
0.792500 0.265580
0.793000 0.265580
0.793500 0.265580
0.794000 0.265580
0.794500 0.265580
0.795000 0.265580
0.795500 0.265580
0.796000 0.265580
0.796500 0.265580
0.797000 0.265580
0.797500 0.265580
0.798000 0.265580
0.798500 0.265580
0.799000 0.265580
0.799500 0.265580
0.800000 0.265580
0.800500 0.265580
0.801000 0.265580
0.801500 0.265580
0.802000 0.265580
0.802500 0.265580
0.803000 0.265580
0.803500 0.265580
0.804000 0.265580
0.804500 0.265580
0.805000 0.265580
0.805500 0.265580
0.806000 0.265580
0.806500 0.265580
0.807000 0.265580
0.807500 0.265580
0.808000 0.265580
0.808500 0.265580
0.809000 0.265580
0.809500 0.265580
0.810000 0.265580
0.810500 0.265580
0.811000 0.265580
0.811500 0.265580
0.812000 0.265580
0.812500 0.265580
0.813000 0.265580
0.813500 0.265580
0.814000 0.265580
0.814500 0.265580
0.815000 0.265580
0.815500 0.265580
0.816000 0.265580
0.816500 0.265580
0.817000 0.265580
0.817500 0.265580
0.818000 0.265580
0.818500 0.265580
0.819000 0.265580
0.819500 0.265580
0.820000 0.265580
0.820500 0.265580
0.821000 0.265580
0.821500 0.265580
0.822000 0.265580
0.822500 0.265580
0.823000 0.265580
0.823500 0.265580
0.824000 0.265580
0.824500 0.265580
0.825000 0.265580
0.825500 0.265580
0.826000 0.265580
0.826500 0.265580
0.827000 0.265580
0.827500 0.265580
0.828000 0.265580
0.828500 0.265580
0.829000 0.265580
0.829500 0.265580
0.830000 0.265580
0.830500 0.265580
0.831000 0.265580
0.831500 0.265580
0.832000 0.265580
0.832500 0.265580
0.833000 0.265580
0.833500 0.265580
0.834000 0.265580
0.834500 0.265580
0.835000 0.265580
0.835500 0.265580
0.836000 0.265580
0.836500 0.265580
0.837000 0.265580
0.837500 0.265580
0.838000 0.265580
0.838500 0.265580
0.839000 0.265580
0.839500 0.265580
0.840000 0.265580
0.840500 0.265580
0.841000 0.265580
0.841500 0.265580
0.842000 0.265580
0.842500 0.265580
0.843000 0.265570
0.843500 0.265570
0.844000 0.265560
0.844500 0.265530
0.845000 0.265490
0.845500 0.265410
0.846000 0.265250
0.846500 0.264950
0.847000 0.264380
0.847500 0.263280
0.848000 0.261220
0.848500 0.257370
0.849000 0.250390
0.849500 0.238320
0.850000 0.219200
0.850500 0.193120
0.851000 0.165060
0.851500 0.143340
0.852000 0.131730
0.852500 0.127170
0.853000 0.125660
0.853500 0.125200
0.854000 0.125060
0.854500 0.125020
0.855000 0.125010
0.855500 0.125000
0.856000 0.125000
0.856500 0.125000
0.857000 0.125000
0.857500 0.125000
0.858000 0.125000
0.858500 0.125000
0.859000 0.125000
0.859500 0.125000
0.860000 0.125000
0.860500 0.125000
0.861000 0.125000
0.861500 0.125000
0.862000 0.125000
0.862500 0.125000
0.863000 0.125000
0.863500 0.125000
0.864000 0.125000
0.864500 0.125000
0.865000 0.125000
0.865500 0.125000
0.866000 0.125000
0.866500 0.125000
0.867000 0.125000
0.867500 0.125000
0.868000 0.125000
0.868500 0.125000
0.869000 0.125000
0.869500 0.125000
0.870000 0.125000
0.870500 0.125000
0.871000 0.125000
0.871500 0.125000
0.872000 0.125000
0.872500 0.125000
0.873000 0.125000
0.873500 0.125000
0.874000 0.125000
0.874500 0.125000
0.875000 0.125000
0.875500 0.125000
0.876000 0.125000
0.876500 0.125000
0.877000 0.125000
0.877500 0.125000
0.878000 0.125000
0.878500 0.125000
0.879000 0.125000
0.879500 0.125000
0.880000 0.125000
0.880500 0.125000
0.881000 0.125000
0.881500 0.125000
0.882000 0.125000
0.882500 0.125000
0.883000 0.125000
0.883500 0.125000
0.884000 0.125000
0.884500 0.125000
0.885000 0.125000
0.885500 0.125000
0.886000 0.125000
0.886500 0.125000
0.887000 0.125000
0.887500 0.125000
0.888000 0.125000
0.888500 0.125000
0.889000 0.125000
0.889500 0.125000
0.890000 0.125000
0.890500 0.125000
0.891000 0.125000
0.891500 0.125000
0.892000 0.125000
0.892500 0.125000
0.893000 0.125000
0.893500 0.125000
0.894000 0.125000
0.894500 0.125000
0.895000 0.125000
0.895500 0.125000
0.896000 0.125000
0.896500 0.125000
0.897000 0.125000
0.897500 0.125000
0.898000 0.125000
0.898500 0.125000
0.899000 0.125000
0.899500 0.125000
0.900000 0.125000
0.900500 0.125000
0.901000 0.125000
0.901500 0.125000
0.902000 0.125000
0.902500 0.125000
0.903000 0.125000
0.903500 0.125000
0.904000 0.125000
0.904500 0.125000
0.905000 0.125000
0.905500 0.125000
0.906000 0.125000
0.906500 0.125000
0.907000 0.125000
0.907500 0.125000
0.908000 0.125000
0.908500 0.125000
0.909000 0.125000
0.909500 0.125000
0.910000 0.125000
0.910500 0.125000
0.911000 0.125000
0.911500 0.125000
0.912000 0.125000
0.912500 0.125000
0.913000 0.125000
0.913500 0.125000
0.914000 0.125000
0.914500 0.125000
0.915000 0.125000
0.915500 0.125000
0.916000 0.125000
0.916500 0.125000
0.917000 0.125000
0.917500 0.125000
0.918000 0.125000
0.918500 0.125000
0.919000 0.125000
0.919500 0.125000
0.920000 0.125000
0.920500 0.125000
0.921000 0.125000
0.921500 0.125000
0.922000 0.125000
0.922500 0.125000
0.923000 0.125000
0.923500 0.125000
0.924000 0.125000
0.924500 0.125000
0.925000 0.125000
0.925500 0.125000
0.926000 0.125000
0.926500 0.125000
0.927000 0.125000
0.927500 0.125000
0.928000 0.125000
0.928500 0.125000
0.929000 0.125000
0.929500 0.125000
0.930000 0.125000
0.930500 0.125000
0.931000 0.125000
0.931500 0.125000
0.932000 0.125000
0.932500 0.125000
0.933000 0.125000
0.933500 0.125000
0.934000 0.125000
0.934500 0.125000
0.935000 0.125000
0.935500 0.125000
0.936000 0.125000
0.936500 0.125000
0.937000 0.125000
0.937500 0.125000
0.938000 0.125000
0.938500 0.125000
0.939000 0.125000
0.939500 0.125000
0.940000 0.125000
0.940500 0.125000
0.941000 0.125000
0.941500 0.125000
0.942000 0.125000
0.942500 0.125000
0.943000 0.125000
0.943500 0.125000
0.944000 0.125000
0.944500 0.125000
0.945000 0.125000
0.945500 0.125000
0.946000 0.125000
0.946500 0.125000
0.947000 0.125000
0.947500 0.125000
0.948000 0.125000
0.948500 0.125000
0.949000 0.125000
0.949500 0.125000
0.950000 0.125000
0.950500 0.125000
0.951000 0.125000
0.951500 0.125000
0.952000 0.125000
0.952500 0.125000
0.953000 0.125000
0.953500 0.125000
0.954000 0.125000
0.954500 0.125000
0.955000 0.125000
0.955500 0.125000
0.956000 0.125000
0.956500 0.125000
0.957000 0.125000
0.957500 0.125000
0.958000 0.125000
0.958500 0.125000
0.959000 0.125000
0.959500 0.125000
0.960000 0.125000
0.960500 0.125000
0.961000 0.125000
0.961500 0.125000
0.962000 0.125000
0.962500 0.125000
0.963000 0.125000
0.963500 0.125000
0.964000 0.125000
0.964500 0.125000
0.965000 0.125000
0.965500 0.125000
0.966000 0.125000
0.966500 0.125000
0.967000 0.125000
0.967500 0.125000
0.968000 0.125000
0.968500 0.125000
0.969000 0.125000
0.969500 0.125000
0.970000 0.125000
0.970500 0.125000
0.971000 0.125000
0.971500 0.125000
0.972000 0.125000
0.972500 0.125000
0.973000 0.125000
0.973500 0.125000
0.974000 0.125000
0.974500 0.125000
0.975000 0.125000
0.975500 0.125000
0.976000 0.125000
0.976500 0.125000
0.977000 0.125000
0.977500 0.125000
0.978000 0.125000
0.978500 0.125000
0.979000 0.125000
0.979500 0.125000
0.980000 0.125000
0.980500 0.125000
0.981000 0.125000
0.981500 0.125000
0.982000 0.125000
0.982500 0.125000
0.983000 0.125000
0.983500 0.125000
0.984000 0.125000
0.984500 0.125000
0.985000 0.125000
0.985500 0.125000
0.986000 0.125000
0.986500 0.125000
0.987000 0.125000
0.987500 0.125000
0.988000 0.125000
0.988500 0.125000
0.989000 0.125000
0.989500 0.125000
0.990000 0.125000
0.990500 0.125000
0.991000 0.125000
0.991500 0.125000
0.992000 0.125000
0.992500 0.125000
0.993000 0.125000
0.993500 0.125000
0.994000 0.125000
0.994500 0.125000
0.995000 0.125000
0.995500 0.125000
0.996000 0.125000
0.996500 0.125000
0.997000 0.125000
0.997500 0.125000
0.998000 0.125000
0.998500 0.125000
0.999000 0.125000
0.999500 0.125000
1.000000 0.125000
