0.000000 1.000000
0.005000 1.000000
0.010000 1.000000
0.015000 1.000000
0.020000 1.000000
0.025000 1.000000
0.030000 1.000000
0.035000 1.000000
0.040000 1.000000
0.045000 1.000000
0.050000 1.000000
0.055000 1.000000
0.060000 1.000000
0.065000 1.000000
0.070000 1.000000
0.075000 1.000000
0.080000 1.000000
0.085000 1.000000
0.090000 1.000000
0.095000 1.000000
0.100000 1.000000
0.105000 1.000000
0.110000 1.000000
0.115000 1.000000
0.120000 1.000000
0.125000 1.000000
0.130000 1.000000
0.135000 1.000000
0.140000 1.000000
0.145000 1.000000
0.150000 1.000000
0.155000 1.000000
0.160000 1.000000
0.165000 1.000000
0.170000 1.000000
0.175000 1.000000
0.180000 1.000000
0.185000 1.000000
0.190000 1.000000
0.195000 1.000000
0.200000 0.999990
0.205000 0.999980
0.210000 0.999960
0.215000 0.999900
0.220000 0.999790
0.225000 0.999570
0.230000 0.999150
0.235000 0.998380
0.240000 0.997080
0.245000 0.994940
0.250000 0.991660
0.255000 0.986880
0.260000 0.980310
0.265000 0.971800
0.270000 0.961350
0.275000 0.949140
0.280000 0.935500
0.285000 0.920810
0.290000 0.905440
0.295000 0.889660
0.300000 0.873650
0.305000 0.857590
0.310000 0.841710
0.315000 0.826060
0.320000 0.810660
0.325000 0.795510
0.330000 0.780620
0.335000 0.765980
0.340000 0.751600
0.345000 0.737460
0.350000 0.723580
0.355000 0.709930
0.360000 0.696520
0.365000 0.683350
0.370000 0.670410
0.375000 0.657690
0.380000 0.645200
0.385000 0.632920
0.390000 0.620850
0.395000 0.608990
0.400000 0.597340
0.405000 0.585890
0.410000 0.574640
0.415000 0.563590
0.420000 0.552740
0.425000 0.542070
0.430000 0.531610
0.435000 0.521330
0.440000 0.511250
0.445000 0.501360
0.450000 0.491680
0.455000 0.482210
0.460000 0.472980
0.465000 0.464030
0.470000 0.455420
0.475000 0.447290
0.480000 0.439880
0.485000 0.433570
0.490000 0.428860
0.495000 0.426160
0.500000 0.425290
0.505000 0.425340
0.510000 0.425670
0.515000 0.425890
0.520000 0.426030
0.525000 0.426130
0.530000 0.426210
0.535000 0.426260
0.540000 0.426310
0.545000 0.426340
0.550000 0.426370
0.555000 0.426390
0.560000 0.426410
0.565000 0.426420
0.570000 0.426430
0.575000 0.426440
0.580000 0.426450
0.585000 0.426450
0.590000 0.426450
0.595000 0.426450
0.600000 0.426450
0.605000 0.426440
0.610000 0.426430
0.615000 0.426410
0.620000 0.426370
0.625000 0.426310
0.630000 0.426200
0.635000 0.425980
0.640000 0.425560
0.645000 0.424750
0.650000 0.423240
0.655000 0.420540
0.660000 0.415920
0.665000 0.408420
0.670000 0.396900
0.675000 0.380230
0.680000 0.357570
0.685000 0.329280
0.690000 0.304630
0.695000 0.288220
0.700000 0.278000
0.705000 0.272020
0.710000 0.268710
0.715000 0.266990
0.720000 0.266150
0.725000 0.265770
0.730000 0.265610
0.735000 0.265550
0.740000 0.265540
0.745000 0.265540
0.750000 0.265540
0.755000 0.265550
0.760000 0.265560
0.765000 0.265560
0.770000 0.265570
0.775000 0.265570
0.780000 0.265570
0.785000 0.265570
0.790000 0.265570
0.795000 0.265570
0.800000 0.265570
0.805000 0.265570
0.810000 0.265570
0.815000 0.265560
0.820000 0.265530
0.825000 0.265420
0.830000 0.264990
0.835000 0.263370
0.840000 0.257510
0.845000 0.238640
0.850000 0.193800
0.855000 0.144340
0.860000 0.128140
0.865000 0.125400
0.870000 0.125050
0.875000 0.125010
0.880000 0.125000
0.885000 0.125000
0.890000 0.125000
0.895000 0.125000
0.900000 0.125000
0.905000 0.125000
0.910000 0.125000
0.915000 0.125000
0.920000 0.125000
0.925000 0.125000
0.930000 0.125000
0.935000 0.125000
0.940000 0.125000
0.945000 0.125000
0.950000 0.125000
0.955000 0.125000
0.960000 0.125000
0.965000 0.125000
0.970000 0.125000
0.975000 0.125000
0.980000 0.125000
0.985000 0.125000
0.990000 0.125000
0.995000 0.125000
1.000000 0.125000
