0.000000 1.000000
0.005000 1.000000
0.010000 1.000000
0.015000 1.000000
0.020000 1.000000
0.025000 1.000000
0.030000 1.000000
0.035000 1.000000
0.040000 1.000000
0.045000 1.000000
0.050000 1.000000
0.055000 1.000000
0.060000 1.000000
0.065000 1.000000
0.070000 1.000000
0.075000 1.000000
0.080000 1.000000
0.085000 1.000000
0.090000 1.000000
0.095000 1.000000
0.100000 1.000000
0.105000 1.000000
0.110000 1.000000
0.115000 1.000000
0.120000 1.000000
0.125000 1.000000
0.130000 1.000000
0.135000 1.000000
0.140000 1.000000
0.145000 1.000000
0.150000 1.000000
0.155000 1.000000
0.160000 1.000000
0.165000 1.000000
0.170000 1.000000
0.175000 1.000000
0.180000 1.000000
0.185000 1.000000
0.190000 1.000000
0.195000 1.000000
0.200000 1.000000
0.205000 1.000000
0.210000 1.000000
0.215000 1.000000
0.220000 1.000000
0.225000 0.999990
0.230000 0.999960
0.235000 0.999860
0.240000 0.999590
0.245000 0.998880
0.250000 0.997290
0.255000 0.994180
0.260000 0.988820
0.265000 0.980700
0.270000 0.969710
0.275000 0.956220
0.280000 0.940950
0.285000 0.924670
0.290000 0.908000
0.295000 0.891320
0.300000 0.874850
0.305000 0.858650
0.310000 0.842730
0.315000 0.827090
0.320000 0.811710
0.325000 0.796570
0.330000 0.781660
0.335000 0.766990
0.340000 0.752530
0.345000 0.738300
0.350000 0.724280
0.355000 0.710480
0.360000 0.696890
0.365000 0.683510
0.370000 0.670350
0.375000 0.657400
0.380000 0.644670
0.385000 0.632150
0.390000 0.619850
0.395000 0.607770
0.400000 0.595900
0.405000 0.584250
0.410000 0.572820
0.415000 0.561610
0.420000 0.550620
0.425000 0.539840
0.430000 0.529290
0.435000 0.518960
0.440000 0.508840
0.445000 0.498950
0.450000 0.489280
0.455000 0.479830
0.460000 0.470630
0.465000 0.461680
0.470000 0.453040
0.475000 0.444830
0.480000 0.437360
0.485000 0.431290
0.490000 0.427370
0.495000 0.425730
0.500000 0.425430
0.505000 0.425690
0.510000 0.426090
0.515000 0.426220
0.520000 0.426310
0.525000 0.426370
0.530000 0.426420
0.535000 0.426470
0.540000 0.426500
0.545000 0.426530
0.550000 0.426560
0.555000 0.426590
0.560000 0.426610
0.565000 0.426640
0.570000 0.426660
0.575000 0.426680
0.580000 0.426700
0.585000 0.426730
0.590000 0.426750
0.595000 0.426780
0.600000 0.426810
0.605000 0.426840
0.610000 0.426880
0.615000 0.426920
0.620000 0.426980
0.625000 0.427080
0.630000 0.427190
0.635000 0.427250
0.640000 0.427260
0.645000 0.427230
0.650000 0.427060
0.655000 0.426450
0.660000 0.424650
0.665000 0.419910
0.670000 0.408860
0.675000 0.386810
0.680000 0.353370
0.685000 0.319150
0.690000 0.293620
0.695000 0.278240
0.700000 0.270470
0.705000 0.267140
0.710000 0.265940
0.715000 0.265600
0.720000 0.265530
0.725000 0.265530
0.730000 0.265540
0.735000 0.265560
0.740000 0.265580
0.745000 0.265590
0.750000 0.265590
0.755000 0.265590
0.760000 0.265580
0.765000 0.265580
0.770000 0.265570
0.775000 0.265570
0.780000 0.265570
0.785000 0.265570
0.790000 0.265570
0.795000 0.265570
0.800000 0.265570
0.805000 0.265570
0.810000 0.265580
0.815000 0.265580
0.820000 0.265570
0.825000 0.265570
0.830000 0.265480
0.835000 0.264730
0.840000 0.259080
0.845000 0.230250
0.850000 0.168860
0.855000 0.131690
0.860000 0.125330
0.865000 0.125010
0.870000 0.125000
0.875000 0.125000
0.880000 0.125000
0.885000 0.125000
0.890000 0.125000
0.895000 0.125000
0.900000 0.125000
0.905000 0.125000
0.910000 0.125000
0.915000 0.125000
0.920000 0.125000
0.925000 0.125000
0.930000 0.125000
0.935000 0.125000
0.940000 0.125000
0.945000 0.125000
0.950000 0.125000
0.955000 0.125000
0.960000 0.125000
0.965000 0.125000
0.970000 0.125000
0.975000 0.125000
0.980000 0.125000
0.985000 0.125000
0.990000 0.125000
0.995000 0.125000
1.000000 0.125000
