0.000000 1.000000
0.005000 1.000000
0.010000 1.000000
0.015000 1.000000
0.020000 1.000000
0.025000 1.000000
0.030000 1.000000
0.035000 1.000000
0.040000 1.000000
0.045000 1.000000
0.050000 1.000000
0.055000 1.000000
0.060000 1.000000
0.065000 1.000000
0.070000 1.000000
0.075000 1.000000
0.080000 1.000000
0.085000 1.000000
0.090000 1.000000
0.095000 1.000000
0.100000 1.000000
0.105000 1.000000
0.110000 1.000000
0.115000 1.000000
0.120000 1.000000
0.125000 1.000000
0.130000 1.000000
0.135000 1.000000
0.140000 1.000000
0.145000 1.000000
0.150000 1.000000
0.155000 1.000000
0.160000 1.000000
0.165000 1.000000
0.170000 1.000000
0.175000 1.000000
0.180000 1.000000
0.185000 1.000000
0.190000 1.000000
0.195000 1.000000
0.200000 0.999990
0.205000 1.000030
0.210000 1.000080
0.215000 1.000110
0.220000 0.999840
0.225000 0.999120
0.230000 0.998550
0.235000 0.998650
0.240000 1.004180
0.245000 1.011940
0.250000 1.017760
0.255000 1.020130
0.260000 1.018690
0.265000 0.999090
0.270000 0.974470
0.275000 0.952180
0.280000 0.932400
0.285000 0.914230
0.290000 0.897020
0.295000 0.880430
0.300000 0.864310
0.305000 0.848570
0.310000 0.833170
0.315000 0.818070
0.320000 0.803240
0.325000 0.788680
0.330000 0.774370
0.335000 0.760290
0.340000 0.746450
0.345000 0.732830
0.350000 0.719420
0.355000 0.706230
0.360000 0.693240
0.365000 0.680450
0.370000 0.667870
0.375000 0.655470
0.380000 0.643270
0.385000 0.631260
0.390000 0.619440
0.395000 0.607800
0.400000 0.596340
0.405000 0.585060
0.410000 0.573960
0.415000 0.563030
0.420000 0.552280
0.425000 0.541700
0.430000 0.531290
0.435000 0.521050
0.440000 0.510990
0.445000 0.501100
0.450000 0.491390
0.455000 0.481870
0.460000 0.472550
0.465000 0.463460
0.470000 0.454660
0.475000 0.446290
0.480000 0.438620
0.485000 0.432120
0.490000 0.427520
0.495000 0.425340
0.500000 0.425010
0.505000 0.425490
0.510000 0.426000
0.515000 0.426230
0.520000 0.426370
0.525000 0.426450
0.530000 0.426520
0.535000 0.426560
0.540000 0.426570
0.545000 0.426580
0.550000 0.426610
0.555000 0.426650
0.560000 0.426670
0.565000 0.426680
0.570000 0.426690
0.575000 0.426720
0.580000 0.426760
0.585000 0.426790
0.590000 0.426800
0.595000 0.426820
0.600000 0.426880
0.605000 0.426930
0.610000 0.426970
0.615000 0.427000
0.620000 0.427060
0.625000 0.427160
0.630000 0.427280
0.635000 0.427420
0.640000 0.427520
0.645000 0.427500
0.650000 0.427270
0.655000 0.426250
0.660000 0.423560
0.665000 0.417930
0.670000 0.407740
0.675000 0.391400
0.680000 0.368040
0.685000 0.338250
0.690000 0.304690
0.695000 0.272620
0.700000 0.256510
0.705000 0.257780
0.710000 0.260580
0.715000 0.263810
0.720000 0.265990
0.725000 0.266000
0.730000 0.265820
0.735000 0.265630
0.740000 0.265580
0.745000 0.265580
0.750000 0.265570
0.755000 0.265570
0.760000 0.265580
0.765000 0.265590
0.770000 0.265590
0.775000 0.265580
0.780000 0.265560
0.785000 0.265550
0.790000 0.265560
0.795000 0.265580
0.800000 0.265590
0.805000 0.265590
0.810000 0.265550
0.815000 0.265550
0.820000 0.265560
0.825000 0.265570
0.830000 0.265500
0.835000 0.264790
0.840000 0.258770
0.845000 0.230000
0.850000 0.170990
0.855000 0.125930
0.860000 0.124200
0.865000 0.125050
0.870000 0.125020
0.875000 0.125000
0.880000 0.125000
0.885000 0.125000
0.890000 0.125000
0.895000 0.125000
0.900000 0.125000
0.905000 0.125000
0.910000 0.125000
0.915000 0.125000
0.920000 0.125000
0.925000 0.125000
0.930000 0.125000
0.935000 0.125000
0.940000 0.125000
0.945000 0.125000
0.950000 0.125000
0.955000 0.125000
0.960000 0.125000
0.965000 0.125000
0.970000 0.125000
0.975000 0.125000
0.980000 0.125000
0.985000 0.125000
0.990000 0.125000
0.995000 0.125000
1.000000 0.125000
