0.000000 1.000000
0.005000 1.000000
0.010000 1.000000
0.015000 1.000000
0.020000 1.000000
0.025000 1.000000
0.030000 1.000000
0.035000 1.000000
0.040000 1.000000
0.045000 1.000000
0.050000 1.000000
0.055000 1.000000
0.060000 1.000000
0.065000 1.000000
0.070000 1.000000
0.075000 1.000000
0.080000 1.000000
0.085000 1.000000
0.090000 1.000000
0.095000 1.000000
0.100000 1.000000
0.105000 1.000000
0.110000 1.000000
0.115000 1.000000
0.120000 1.000000
0.125000 1.000000
0.130000 1.000000
0.135000 1.000000
0.140000 1.000000
0.145000 1.000000
0.150000 1.000000
0.155000 1.000000
0.160000 1.000000
0.165000 1.000000
0.170000 1.000000
0.175000 1.000000
0.180000 1.000000
0.185000 1.000000
0.190000 1.000000
0.195000 1.000000
0.200000 1.000000
0.205000 1.000000
0.210000 1.000000
0.215000 1.000000
0.220000 1.000000
0.225000 1.000000
0.230000 1.000000
0.235000 1.000000
0.240000 1.000000
0.245000 1.000000
0.250000 1.000000
0.255000 1.000000
0.260000 1.000000
0.265000 0.999980
0.270000 0.999730
0.275000 0.995050
0.280000 0.968510
0.285000 0.936930
0.290000 0.908610
0.295000 0.884710
0.300000 0.864660
0.305000 0.847280
0.310000 0.831420
0.315000 0.816350
0.320000 0.801710
0.325000 0.787300
0.330000 0.773050
0.335000 0.758970
0.340000 0.745060
0.345000 0.731330
0.350000 0.717790
0.355000 0.704440
0.360000 0.691290
0.365000 0.678330
0.370000 0.665580
0.375000 0.653020
0.380000 0.640660
0.385000 0.628490
0.390000 0.616520
0.395000 0.604730
0.400000 0.593130
0.405000 0.581710
0.410000 0.570480
0.415000 0.559420
0.420000 0.548530
0.425000 0.537810
0.430000 0.527260
0.435000 0.516880
0.440000 0.506670
0.445000 0.496640
0.450000 0.486800
0.455000 0.477190
0.460000 0.467840
0.465000 0.458850
0.470000 0.450340
0.475000 0.442600
0.480000 0.436030
0.485000 0.431040
0.490000 0.427360
0.495000 0.425800
0.500000 0.425530
0.505000 0.425880
0.510000 0.426370
0.515000 0.426510
0.520000 0.426590
0.525000 0.426650
0.530000 0.426690
0.535000 0.426710
0.540000 0.426760
0.545000 0.426820
0.550000 0.426860
0.555000 0.426890
0.560000 0.426930
0.565000 0.426970
0.570000 0.427010
0.575000 0.427050
0.580000 0.427090
0.585000 0.427140
0.590000 0.427190
0.595000 0.427250
0.600000 0.427330
0.605000 0.427430
0.610000 0.427550
0.615000 0.427680
0.620000 0.427790
0.625000 0.427880
0.630000 0.427960
0.635000 0.428130
0.640000 0.428630
0.645000 0.429700
0.650000 0.430560
0.655000 0.430620
0.660000 0.430490
0.665000 0.429700
0.670000 0.426220
0.675000 0.412860
0.680000 0.369590
0.685000 0.310890
0.690000 0.269050
0.695000 0.265190
0.700000 0.265040
0.705000 0.265040
0.710000 0.265080
0.715000 0.265270
0.720000 0.265520
0.725000 0.265630
0.730000 0.265640
0.735000 0.265640
0.740000 0.265640
0.745000 0.265640
0.750000 0.265640
0.755000 0.265640
0.760000 0.265620
0.765000 0.265590
0.770000 0.265570
0.775000 0.265550
0.780000 0.265550
0.785000 0.265560
0.790000 0.265560
0.795000 0.265560
0.800000 0.265560
0.805000 0.265560
0.810000 0.265570
0.815000 0.265580
0.820000 0.265560
0.825000 0.265560
0.830000 0.265500
0.835000 0.265060
0.840000 0.261010
0.845000 0.232940
0.850000 0.161390
0.855000 0.126700
0.860000 0.125030
0.865000 0.125000
0.870000 0.125000
0.875000 0.125000
0.880000 0.125000
0.885000 0.125000
0.890000 0.125000
0.895000 0.125000
0.900000 0.125000
0.905000 0.125000
0.910000 0.125000
0.915000 0.125000
0.920000 0.125000
0.925000 0.125000
0.930000 0.125000
0.935000 0.125000
0.940000 0.125000
0.945000 0.125000
0.950000 0.125000
0.955000 0.125000
0.960000 0.125000
0.965000 0.125000
0.970000 0.125000
0.975000 0.125000
0.980000 0.125000
0.985000 0.125000
0.990000 0.125000
0.995000 0.125000
1.000000 0.125000
