0.000000 1.000000
0.005000 1.000000
0.010000 1.000000
0.015000 1.000000
0.020000 1.000000
0.025000 1.000000
0.030000 1.000000
0.035000 1.000000
0.040000 1.000000
0.045000 1.000000
0.050000 1.000000
0.055000 1.000000
0.060000 1.000000
0.065000 1.000000
0.070000 1.000000
0.075000 1.000000
0.080000 1.000000
0.085000 1.000000
0.090000 1.000000
0.095000 1.000000
0.100000 1.000000
0.105000 1.000000
0.110000 1.000000
0.115000 1.000000
0.120000 1.000000
0.125000 1.000000
0.130000 1.000000
0.135000 1.000000
0.140000 1.000000
0.145000 1.000000
0.150000 1.000000
0.155000 1.000000
0.160000 1.000000
0.165000 1.000000
0.170000 1.000000
0.175000 1.000000
0.180000 1.000000
0.185000 1.000000
0.190000 1.000000
0.195000 1.000000
0.200000 0.999990
0.205000 0.999990
0.210000 0.999970
0.215000 0.999930
0.220000 0.999850
0.225000 0.999690
0.230000 0.999400
0.235000 0.998840
0.240000 0.997860
0.245000 0.996200
0.250000 0.993500
0.255000 0.989380
0.260000 0.983420
0.265000 0.975320
0.270000 0.965020
0.275000 0.952680
0.280000 0.938730
0.285000 0.923690
0.290000 0.908040
0.295000 0.892160
0.300000 0.876270
0.305000 0.860500
0.310000 0.844910
0.315000 0.829520
0.320000 0.814320
0.325000 0.799330
0.330000 0.784530
0.335000 0.769920
0.340000 0.755510
0.345000 0.741280
0.350000 0.727240
0.355000 0.713390
0.360000 0.699720
0.365000 0.686240
0.370000 0.672940
0.375000 0.659830
0.380000 0.646910
0.385000 0.634180
0.390000 0.621650
0.395000 0.609320
0.400000 0.597190
0.405000 0.585260
0.410000 0.573550
0.415000 0.562050
0.420000 0.550780
0.425000 0.539730
0.430000 0.528920
0.435000 0.518350
0.440000 0.508030
0.445000 0.497970
0.450000 0.488170
0.455000 0.478650
0.460000 0.469430
0.465000 0.460530
0.470000 0.451990
0.475000 0.443930
0.480000 0.436640
0.485000 0.430770
0.490000 0.427100
0.495000 0.425690
0.500000 0.425470
0.505000 0.425710
0.510000 0.426080
0.515000 0.426190
0.520000 0.426270
0.525000 0.426330
0.530000 0.426380
0.535000 0.426430
0.540000 0.426470
0.545000 0.426500
0.550000 0.426530
0.555000 0.426550
0.560000 0.426580
0.565000 0.426600
0.570000 0.426620
0.575000 0.426640
0.580000 0.426660
0.585000 0.426680
0.590000 0.426700
0.595000 0.426720
0.600000 0.426740
0.605000 0.426780
0.610000 0.426830
0.615000 0.426890
0.620000 0.426930
0.625000 0.426950
0.630000 0.426960
0.635000 0.426960
0.640000 0.426950
0.645000 0.426900
0.650000 0.426730
0.655000 0.426170
0.660000 0.424410
0.665000 0.419340
0.670000 0.406390
0.675000 0.380370
0.680000 0.345720
0.685000 0.315640
0.690000 0.294940
0.695000 0.281970
0.700000 0.274310
0.705000 0.270030
0.710000 0.267750
0.715000 0.266590
0.720000 0.266030
0.725000 0.265780
0.730000 0.265660
0.735000 0.265620
0.740000 0.265600
0.745000 0.265590
0.750000 0.265590
0.755000 0.265580
0.760000 0.265580
0.765000 0.265570
0.770000 0.265560
0.775000 0.265560
0.780000 0.265560
0.785000 0.265560
0.790000 0.265560
0.795000 0.265560
0.800000 0.265570
0.805000 0.265570
0.810000 0.265570
0.815000 0.265580
0.820000 0.265580
0.825000 0.265570
0.830000 0.265510
0.835000 0.264880
0.840000 0.259440
0.845000 0.229190
0.850000 0.167660
0.855000 0.134510
0.860000 0.126770
0.865000 0.125310
0.870000 0.125050
0.875000 0.125010
0.880000 0.125000
0.885000 0.125000
0.890000 0.125000
0.895000 0.125000
0.900000 0.125000
0.905000 0.125000
0.910000 0.125000
0.915000 0.125000
0.920000 0.125000
0.925000 0.125000
0.930000 0.125000
0.935000 0.125000
0.940000 0.125000
0.945000 0.125000
0.950000 0.125000
0.955000 0.125000
0.960000 0.125000
0.965000 0.125000
0.970000 0.125000
0.975000 0.125000
0.980000 0.125000
0.985000 0.125000
0.990000 0.125000
0.995000 0.125000
1.000000 0.125000
