-5 1.52687
-4.984 1.52635
-4.968 1.51541
-4.952 1.50113
-4.936 1.49955
-4.92 1.49949
-4.904 1.50024
-4.888 1.5208
-4.872 1.52695
-4.856 1.52706
-4.84 1.52695
-4.824 1.52296
-4.808 1.50373
-4.792 1.49986
-4.776 1.49958
-4.76 1.49972
-4.744 1.50884
-4.728 1.52688
-4.712 1.52728
-4.696 1.52729
-4.68 1.52597
-4.664 1.50955
-4.648 1.50056
-4.632 1.49971
-4.616 1.49971
-4.6 1.50183
-4.584 1.52521
-4.568 1.52738
-4.552 1.52739
-4.536 1.52697
-4.52 1.51861
-4.504 1.50202
-4.488 1.49992
-4.472 1.49982
-4.456 1.50026
-4.44 1.51795
-4.424 1.52742
-4.408 1.52753
-4.392 1.52743
-4.376 1.52456
-4.36 1.50547
-4.344 1.50043
-4.328 1.50001
-4.312 1.50007
-4.296 1.50599
-4.28 1.52698
-4.264 1.52763
-4.248 1.52762
-4.232 1.52671
-4.216 1.51259
-4.2 1.5013
-4.184 1.50011
-4.168 1.50006
-4.152 1.50138
-4.136 1.52412
-4.12 1.52773
-4.104 1.52776
-4.088 1.5275
-4.072 1.52151
-4.056 1.5033
-4.04 1.50043
-4.024 1.50025
-4.008 1.50053
-3.992 1.5143
-3.976 1.52774
-3.96 1.52791
-3.944 1.52784
-3.928 1.52587
-3.912 1.50776
-3.896 1.501
-3.88 1.50036
-3.864 1.5004
-3.848 1.50404
-3.832 1.52681
-3.816 1.52797
-3.8 1.52798
-3.784 1.52739
-3.768 1.51624
-3.752 1.5022
-3.736 1.50053
-3.72 1.50047
-3.704 1.50125
-3.688 1.52222
-3.672 1.52813
-3.656 1.52821
-3.64 1.52806
-3.624 1.52387
-3.608 1.50484
-3.592 1.50089
-3.576 1.50056
-3.56 1.5007
-3.544 1.51038
-3.528 1.52798
-3.512 1.52834
-3.496 1.5283
-3.48 1.52688
-3.464 1.51035
-3.448 1.50156
-3.432 1.50064
-3.416 1.50067
-3.4 1.50298
-3.384 1.52647
-3.368 1.52847
-3.352 1.52848
-3.336 1.52804
-3.32 1.5193
-3.304 1.50319
-3.288 1.50095
-3.272 1.50081
-3.256 1.50129
-3.24 1.51969
-3.224 1.52851
-3.208 1.52861
-3.192 1.5285
-3.176 1.52536
-3.16 1.50642
-3.144 1.50136
-3.128 1.50086
-3.112 1.50093
-3.096 1.50752
-3.08 1.5281
-3.064 1.5287
-3.048 1.5287
-3.032 1.52767
-3.016 1.51309
-3 1.50236
-2.984 1.50106
-2.968 1.50103
-2.952 1.50252
-2.936 1.52565
-2.92 1.52884
-2.904 1.52887
-2.888 1.52854
-2.872 1.52188
-2.856 1.50432
-2.84 1.50136
-2.824 1.50113
-2.808 1.50143
-2.792 1.51643
-2.776 1.52876
-2.76 1.5289
-2.744 1.52882
-2.728 1.52655
-2.712 1.5084
-2.696 1.50196
-2.68 1.50122
-2.664 1.50125
-2.648 1.50549
-2.632 1.528
-2.616 1.52898
-2.6 1.52898
-2.584 1.52825
-2.568 1.51614
-2.552 1.50314
-2.536 1.50132
-2.52 1.5012
-2.504 1.50211
-2.488 1.52392
-2.472 1.52897
-2.456 1.529
-2.44 1.52877
-2.424 1.52384
-2.408 1.50546
-2.392 1.50153
-2.376 1.50114
-2.36 1.50132
-2.344 1.5125
-2.328 1.52877
-2.312 1.52904
-2.296 1.52898
-2.28 1.52727
-2.264 1.51041
-2.248 1.5023
-2.232 1.50122
-2.216 1.50122
-2.2 1.50396
-2.184 1.52745
-2.168 1.52907
-2.152 1.52906
-2.136 1.52848
-2.12 1.51858
-2.104 1.50379
-2.088 1.50132
-2.072 1.50113
-2.056 1.50169
-2.04 1.52143
-2.024 1.52898
-2.008 1.52907
-1.992 1.52892
-1.976 1.52517
-1.96 1.50705
-1.944 1.50285
-1.928 1.50463
-1.912 1.51106
-1.896 1.52863
-1.88 1.54914
-1.864 1.5481
-1.848 1.53996
-1.832 1.52916
-1.816 1.51208
-1.8 1.50263
-1.784 1.50104
-1.768 1.50099
-1.752 1.50318
-1.736 1.527
-1.72 1.52922
-1.704 1.52908
-1.688 1.52863
-1.672 1.52031
-1.656 1.5046
-1.64 1.50141
-1.624 1.50117
-1.608 1.50178
-1.592 1.51946
-1.576 1.52902
-1.56 1.52914
-1.544 1.52919
-1.528 1.52602
-1.512 1.50789
-1.496 1.502
-1.48 1.50134
-1.464 1.5014
-1.448 1.50707
-1.432 1.52837
-1.416 1.52924
-1.4 1.52927
-1.384 1.52793
-1.368 1.51406
-1.352 1.50329
-1.336 1.50138
-1.32 1.5011
-1.304 1.50226
-1.288 1.52551
-1.272 1.52936
-1.256 1.52923
-1.24 1.52864
-1.224 1.52211
-1.208 1.50582
-1.192 1.50173
-1.176 1.50099
-1.16 1.50135
-1.144 1.51586
-1.128 1.52927
-1.112 1.52907
-1.096 1.52901
-1.08 1.52689
-1.064 1.5099
-1.048 1.50225
-1.032 1.50099
-1.016 1.50142
-1 1.50529
-0.984 1.52791
-0.968 1.52899
-0.952 1.52945
-0.936 1.52859
-0.92 1.51622
-0.904 1.50381
-0.888 1.5015
-0.872 1.50143
-0.856 1.50182
-0.84 1.52335
-0.824 1.52933
-0.808 1.52965
-0.792 1.52893
-0.776 1.52312
-0.76 1.50692
-0.744 1.50223
-0.728 1.50117
-0.712 1.50084
-0.696 1.51176
-0.68 1.52943
-0.664 1.52947
-0.648 1.52873
-0.632 1.52685
-0.616 1.51197
-0.6 1.50329
-0.584 1.50068
-0.568 1.50078
-0.552 1.50423
-0.536 1.52797
-0.52 1.52881
-0.504 1.52886
-0.488 1.52908
-0.472 1.51884
-0.456 1.50466
-0.44 1.50095
-0.424 1.50164
-0.408 1.50228
-0.392 1.52073
-0.376 1.52859
-0.36 1.5297
-0.344 1.52973
-0.328 1.52408
-0.312 1.50775
-0.296 1.50241
-0.28 1.50185
-0.264 1.50105
-0.248 1.50775
-0.232 1.52874
-0.216 1.53017
-0.2 1.52936
-0.184 1.52654
-0.168 1.51326
-0.152 1.50476
-0.136 1.5016
-0.12 1.50011
-0.104 1.50224
-0.088 1.52758
-0.072 1.53002
-0.056 1.52827
-0.04 1.52796
-0.024 1.52106
-0.008 1.50737
0.008 1.50047
0.024 1.50008
0.04 1.50254
0.056 1.51889
0.072 1.52809
0.088 1.52813
0.104 1.53026
0.12 1.52643
0.136 1.50928
0.152 1.50127
0.168 1.50198
0.184 1.50261
0.2 1.50542
0.216 1.52693
0.232 1.52989
0.248 1.53105
0.264 1.52741
0.28 1.51351
0.296 1.50492
0.312 1.50315
0.328 1.50129
0.344 1.50011
0.36 1.52435
0.376 1.53147
0.392 1.53019
0.408 1.52659
0.424 1.51992
0.44 1.51043
0.456 1.50313
0.472 1.49859
0.488 1.49952
0.504 1.51655
0.52 1.53117
0.536 1.52691
0.552 1.52714
0.568 1.52823
0.584 1.51459
0.6 1.50074
0.616 1.49847
0.632 1.50346
0.648 1.50727
0.664 1.52591
0.68 1.52633
0.696 1.53146
0.712 1.53126
0.728 1.51486
0.744 1.50257
0.76 1.50263
0.776 1.50469
0.792 1.5011
0.808 1.51886
0.824 1.52938
0.84 1.53357
0.856 1.52928
0.872 1.51736
0.888 1.5091
0.904 1.50679
0.92 1.50268
0.936 1.4963
0.952 1.50801
0.968 1.53416
0.984 1.53244
1 1.52405
1.016 1.5227
1.032 1.51946
1.048 1.50809
1.064 1.49548
1.08 1.49627
1.096 1.50868
1.112 1.53263
1.128 1.52386
1.144 1.52371
1.16 1.53385
1.176 1.52404
1.192 1.50223
1.208 1.49478
1.224 1.5055
1.24 1.50864
1.256 1.51652
1.272 1.52162
1.288 1.53239
1.304 1.53728
1.32 1.5203
1.336 1.50316
1.352 1.5035
1.368 1.51007
1.384 1.50199
1.4 1.49795
1.416 1.52632
1.432 1.53957
1.448 1.53278
1.464 1.5159
1.48 1.51091
1.496 1.51628
1.512 1.50713
1.528 1.48934
1.544 1.49456
1.56 1.53794
1.576 1.53851
1.592 1.51721
1.608 1.51871
1.624 1.53167
1.64 1.52025
1.656 1.48905
1.672 1.48842
1.688 1.51308
1.704 1.53059
1.72 1.51809
1.736 1.51483
1.752 1.54007
1.768 1.53886
1.784 1.50354
1.8 1.48645
1.816 1.50788
1.832 1.5188
1.848 1.50216
1.864 1.50909
1.88 1.53092
1.896 1.5494
1.912 1.52737
1.928 1.49545
1.944 1.5032
1.96 1.52327
1.976 1.50822
1.992 1.47897
2.008 1.51277
2.024 1.55375
2.04 1.54276
2.056 1.50333
2.072 1.50463
2.088 1.53747
2.104 1.52039
2.12 1.47374
2.136 1.47902
2.152 1.54101
2.168 1.55372
2.184 1.50201
2.2 1.50259
2.216 1.55202
2.232 1.54354
2.248 1.4772
2.264 1.46889
2.28 1.52393
2.296 1.54033
2.312 1.50706
2.328 1.49249
2.344 1.54618
2.36 1.5665
2.376 1.50435
2.392 1.46657
2.408 1.50728
2.424 1.54454
2.44 1.50539
2.456 1.47401
2.472 1.51967
2.488 1.578
2.504 1.54246
2.52 1.46979
2.536 1.49306
2.552 1.55587
2.568 1.52832
2.584 1.44588
2.6 1.47754
2.616 1.58401
2.632 1.57089
2.648 1.46966
2.664 1.47921
2.68 1.57762
2.696 1.55669
2.712 1.43918
2.728 1.44176
2.744 1.56747
2.76 1.58726
2.776 1.472
2.792 1.46002
2.808 1.58366
2.824 1.59296
2.84 1.45873
2.856 1.42134
2.872 1.53782
2.888 1.59107
2.904 1.49411
2.92 1.43565
2.936 1.54354
2.952 1.6248
2.968 1.51719
2.984 1.41194
3 1.49235
3.016 1.60662
3.032 1.5343
3.048 1.40137
3.064 1.47565
3.08 1.64663
3.096 1.58631
3.112 1.40083
3.128 1.45221
3.144 1.63735
3.16 1.57639
3.176 1.3715
3.192 1.30808
3.208 1.05206
3.224 1.09981
3.24 1.05878
3.256 0.96319
3.272 0.90177
3.288 0.93155
3.304 1.02487
3.32 1.09511
3.336 1.07705
3.352 0.98747
3.368 0.90952
3.384 0.91557
3.4 1
3.416 1.08443
3.432 1.09048
3.448 1.01253
3.464 0.92295
3.48 0.90489
3.496 0.97513
3.512 1.06845
3.528 1.09823
3.544 1.03681
3.56 0.94122
3.576 0.9002
3.592 0.95182
3.608 1.04818
3.624 1.0998
3.64 1.05878
3.656 0.96319
3.672 0.90177
3.688 0.93155
3.704 1.02487
3.72 1.09511
3.736 1.07705
3.752 0.98747
3.768 0.90952
3.784 0.91557
3.8 1
3.816 1.08443
3.832 1.09048
3.848 1.01253
3.864 0.92295
3.88 0.90489
3.896 0.97513
3.912 1.06845
3.928 1.09823
3.944 1.03681
3.96 0.94122
3.976 0.9002
3.992 0.95182
4.008 1.04818
4.024 1.0998
4.04 1.05878
4.056 0.96319
4.072 0.90177
4.088 0.93155
4.104 1.02487
4.12 1.09511
4.136 1.07705
4.152 0.98747
4.168 0.90952
4.184 0.91557
4.2 1
4.216 1.08443
4.232 1.09048
4.248 1.01253
4.264 0.92295
4.28 0.90489
4.296 0.97513
4.312 1.06845
4.328 1.09823
4.344 1.03681
4.36 0.94122
4.376 0.9002
4.392 0.95182
4.408 1.04818
4.424 1.0998
4.44 1.05878
4.456 0.96319
4.472 0.90177
4.488 0.93155
4.504 1.02487
4.52 1.09511
4.536 1.07705
4.552 0.98747
4.568 0.90952
4.584 0.91557
4.6 1
4.616 1.08443
4.632 1.09048
4.648 1.01253
4.664 0.92295
4.68 0.90489
4.696 0.97513
4.712 1.06845
4.728 1.09823
4.744 1.03681
4.76 0.94122
4.776 0.9002
4.792 0.95182
4.808 1.04818
4.824 1.0998
4.84 1.05878
4.856 0.96319
4.872 0.90177
4.888 0.93155
4.904 1.02487
4.92 1.09511
4.936 1.07705
4.952 0.98747
4.968 0.90952
4.984 0.91557
5 0.97513
