-5 1.52615
-4.984 1.52493
-4.968 1.5183
-4.952 1.50186
-4.936 1.49955
-4.92 1.49954
-4.904 1.50067
-4.888 1.51959
-4.872 1.52665
-4.856 1.52672
-4.84 1.52599
-4.824 1.52186
-4.808 1.50773
-4.792 1.4998
-4.776 1.4996
-4.76 1.4999
-4.744 1.50787
-4.728 1.52664
-4.712 1.52698
-4.696 1.52668
-4.68 1.5242
-4.664 1.51513
-4.648 1.50061
-4.632 1.4997
-4.616 1.49976
-4.6 1.50232
-4.584 1.52485
-4.568 1.52705
-4.552 1.52698
-4.536 1.52564
-4.52 1.51982
-4.504 1.50334
-4.488 1.49984
-4.472 1.4998
-4.456 1.50057
-4.44 1.51624
-4.424 1.52713
-4.408 1.52718
-4.392 1.52658
-4.376 1.52298
-4.36 1.51046
-4.344 1.50028
-4.328 1.49996
-4.312 1.50015
-4.296 1.50587
-4.28 1.52674
-4.264 1.5273
-4.248 1.52709
-4.232 1.52501
-4.216 1.51706
-4.2 1.50143
-4.184 1.50004
-4.168 1.50004
-4.152 1.50184
-4.136 1.5236
-4.12 1.52741
-4.104 1.52737
-4.088 1.52631
-4.072 1.52127
-4.056 1.50546
-4.04 1.50029
-4.024 1.50021
-4.008 1.50075
-3.992 1.51265
-3.976 1.52744
-3.96 1.52756
-3.944 1.52709
-3.928 1.52403
-3.912 1.51323
-3.896 1.50082
-3.88 1.5003
-3.864 1.50042
-3.848 1.50439
-3.832 1.52657
-3.816 1.52763
-3.8 1.52749
-3.784 1.5258
-3.768 1.51899
-3.752 1.50261
-3.736 1.50042
-3.72 1.50042
-3.704 1.50163
-3.688 1.52127
-3.672 1.52782
-3.656 1.52783
-3.64 1.52701
-3.624 1.52266
-3.608 1.5083
-3.592 1.50068
-3.576 1.50049
-3.56 1.50082
-3.544 1.50941
-3.528 1.52772
-3.512 1.52799
-3.496 1.52764
-3.48 1.525
-3.464 1.51565
-3.448 1.50137
-3.432 1.50054
-3.416 1.50064
-3.4 1.50345
-3.384 1.52619
-3.368 1.52813
-3.352 1.52804
-3.336 1.5266
-3.32 1.52057
-3.304 1.5041
-3.288 1.50076
-3.272 1.50072
-3.256 1.50156
-3.24 1.51825
-3.224 1.52823
-3.208 1.52827
-3.192 1.52758
-3.176 1.52373
-3.16 1.51088
-3.144 1.50107
-3.128 1.50076
-3.112 1.50098
-3.096 1.50731
-3.08 1.52788
-3.064 1.52838
-3.048 1.52814
-3.032 1.52586
-3.016 1.51758
-3 1.5022
-2.984 1.50093
-2.968 1.50097
-2.952 1.503
-2.936 1.5253
-2.92 1.52854
-2.904 1.52848
-2.888 1.52727
-2.872 1.52189
-2.856 1.50591
-2.84 1.50112
-2.824 1.50104
-2.808 1.50164
-2.792 1.51487
-2.776 1.52851
-2.76 1.52859
-2.744 1.52804
-2.728 1.52469
-2.712 1.51344
-2.696 1.50159
-2.68 1.50112
-2.664 1.50126
-2.648 1.50581
-2.632 1.52782
-2.616 1.52869
-2.6 1.52851
-2.584 1.52659
-2.568 1.51931
-2.552 1.50314
-2.536 1.50116
-2.52 1.50114
-2.504 1.50254
-2.488 1.52329
-2.472 1.52869
-2.456 1.52866
-2.44 1.52767
-2.424 1.52293
-2.408 1.50813
-2.392 1.50121
-2.376 1.50105
-2.36 1.50146
-2.344 1.51136
-2.328 1.52855
-2.312 1.52875
-2.296 1.52832
-2.28 1.52539
-2.264 1.51554
-2.248 1.50186
-2.232 1.50111
-2.216 1.5012
-2.2 1.50446
-2.184 1.52728
-2.168 1.5288
-2.152 1.52865
-2.136 1.52699
-2.12 1.5205
-2.104 1.50407
-2.088 1.5011
-2.072 1.50106
-2.056 1.50204
-2.04 1.52034
-2.024 1.52874
-2.008 1.52877
-1.992 1.52796
-1.976 1.52375
-1.96 1.51043
-1.944 1.50169
-1.928 1.50336
-1.912 1.51303
-1.896 1.52869
-1.88 1.54948
-1.864 1.54804
-1.848 1.53694
-1.832 1.52816
-1.816 1.51751
-1.8 1.50218
-1.784 1.50088
-1.768 1.50095
-1.752 1.50382
-1.736 1.52686
-1.72 1.52895
-1.704 1.52871
-1.688 1.52732
-1.672 1.52142
-1.656 1.50507
-1.64 1.5011
-1.624 1.50114
-1.608 1.50212
-1.592 1.51811
-1.576 1.52882
-1.56 1.5289
-1.544 1.5284
-1.528 1.52447
-1.512 1.51196
-1.496 1.50142
-1.48 1.5013
-1.464 1.50149
-1.448 1.50711
-1.432 1.52826
-1.416 1.52908
-1.4 1.5288
-1.384 1.52617
-1.368 1.51807
-1.352 1.50273
-1.336 1.50124
-1.32 1.50099
-1.304 1.50279
-1.288 1.52531
-1.272 1.52917
-1.256 1.52883
-1.24 1.52744
-1.224 1.52235
-1.208 1.50708
-1.192 1.50123
-1.176 1.50092
-1.16 1.50168
-1.144 1.51447
-1.128 1.52906
-1.112 1.52881
-1.096 1.52838
-1.08 1.52532
-1.064 1.5144
-1.048 1.50141
-1.032 1.50093
-1.016 1.50154
-1 1.50574
-0.984 1.52777
-0.968 1.52879
-0.952 1.52914
-0.936 1.5271
-0.92 1.51929
-0.904 1.50313
-0.888 1.50139
-0.872 1.50143
-0.856 1.50215
-0.84 1.52268
-0.824 1.52934
-0.808 1.52945
-0.792 1.52776
-0.776 1.52273
-0.76 1.50914
-0.744 1.50169
-0.728 1.50092
-0.712 1.50097
-0.696 1.51098
-0.68 1.52938
-0.664 1.52911
-0.648 1.52812
-0.632 1.52549
-0.616 1.51647
-0.6 1.5021
-0.584 1.5005
-0.568 1.50091
-0.552 1.50491
-0.536 1.52785
-0.52 1.52856
-0.504 1.5286
-0.488 1.5279
-0.472 1.52118
-0.456 1.50395
-0.44 1.50063
-0.424 1.50178
-0.408 1.50271
-0.392 1.51942
-0.376 1.52843
-0.36 1.52974
-0.344 1.52897
-0.328 1.52324
-0.312 1.51036
-0.296 1.50193
-0.28 1.50188
-0.264 1.50084
-0.248 1.50743
-0.232 1.52907
-0.216 1.5301
-0.2 1.52852
-0.184 1.52511
-0.168 1.51764
-0.152 1.50353
-0.136 1.50113
-0.12 1.50004
-0.104 1.50312
-0.088 1.52754
-0.072 1.52967
-0.056 1.5279
-0.04 1.52707
-0.024 1.52295
-0.008 1.50698
0.008 1.49986
0.024 1.50015
0.04 1.50307
0.056 1.51739
0.072 1.52777
0.088 1.52797
0.104 1.52988
0.12 1.52589
0.136 1.51188
0.152 1.50015
0.168 1.50238
0.184 1.50283
0.2 1.50516
0.216 1.52679
0.232 1.53039
0.248 1.53084
0.264 1.52562
0.28 1.5168
0.296 1.50413
0.312 1.50311
0.328 1.50061
0.344 1.50049
0.36 1.52461
0.376 1.53155
0.392 1.5294
0.408 1.52555
0.424 1.52197
0.44 1.51084
0.456 1.5021
0.472 1.49837
0.488 1.50005
0.504 1.51545
0.52 1.53095
0.536 1.5265
0.552 1.52676
0.568 1.52815
0.584 1.51718
0.6 1.49906
0.616 1.49842
0.632 1.50408
0.648 1.5079
0.664 1.52526
0.68 1.52611
0.696 1.53198
0.712 1.53052
0.728 1.51681
0.744 1.50095
0.76 1.50349
0.776 1.50498
0.792 1.50029
0.808 1.51778
0.824 1.53067
0.84 1.53372
0.856 1.52724
0.872 1.51843
0.888 1.51088
0.904 1.50639
0.92 1.50161
0.936 1.49617
0.952 1.50812
0.968 1.53453
0.984 1.5317
1 1.52331
1.016 1.52293
1.032 1.52185
1.048 1.50651
1.064 1.49495
1.08 1.49651
1.096 1.50988
1.112 1.53261
1.128 1.52312
1.144 1.52346
1.16 1.53391
1.176 1.52647
1.192 1.50036
1.208 1.49431
1.224 1.50689
1.24 1.50935
1.256 1.51346
1.272 1.52123
1.288 1.53429
1.304 1.53714
1.32 1.51931
1.336 1.50273
1.352 1.50542
1.368 1.51058
1.384 1.49979
1.4 1.49736
1.416 1.52852
1.432 1.54005
1.448 1.53059
1.464 1.51512
1.48 1.51362
1.496 1.51645
1.512 1.50594
1.528 1.4888
1.544 1.49578
1.56 1.53849
1.576 1.53809
1.592 1.51637
1.608 1.51835
1.624 1.53431
1.64 1.51949
1.656 1.48793
1.672 1.48829
1.688 1.51469
1.704 1.52924
1.72 1.51649
1.736 1.51435
1.752 1.5417
1.768 1.54038
1.784 1.50019
1.8 1.48608
1.816 1.51117
1.832 1.51959
1.848 1.49849
1.864 1.50864
1.88 1.535
1.896 1.54995
1.912 1.52302
1.928 1.49505
1.944 1.50744
1.96 1.52396
1.976 1.5053
1.992 1.47872
2.008 1.51435
2.024 1.55466
2.04 1.54113
2.056 1.50205
2.072 1.50711
2.088 1.53766
2.104 1.51972
2.12 1.47286
2.136 1.47935
2.152 1.53994
2.168 1.55446
2.184 1.5008
2.2 1.50189
2.216 1.55412
2.232 1.54311
2.248 1.47586
2.264 1.46816
2.28 1.52699
2.296 1.54117
2.312 1.50381
2.328 1.49163
2.344 1.55097
2.36 1.56705
2.376 1.49856
2.392 1.46651
2.408 1.51345
2.424 1.54557
2.44 1.49981
2.456 1.47218
2.472 1.52527
2.488 1.5789
2.504 1.53763
2.52 1.46962
2.536 1.49629
2.552 1.55633
2.568 1.52664
2.584 1.44552
2.6 1.47666
2.616 1.58504
2.632 1.57104
2.648 1.46904
2.664 1.47908
2.68 1.57762
2.696 1.55771
2.712 1.43877
2.728 1.44077
2.744 1.56737
2.76 1.58838
2.776 1.47084
2.792 1.45876
2.808 1.58559
2.824 1.59394
2.84 1.45554
2.856 1.42009
2.872 1.54379
2.888 1.59171
2.904 1.4864
2.92 1.43503
2.936 1.55183
2.952 1.62522
2.968 1.50906
2.984 1.41154
3 1.49912
3.016 1.60699
3.032 1.53046
3.048 1.40129
3.064 1.47683
3.08 1.64618
3.096 1.58668
3.112 1.40181
3.128 1.45106
3.144 1.63553
3.16 1.57732
3.176 1.37383
3.192 1.30955
3.208 1.05281
3.224 1.09981
3.24 1.05878
3.256 0.96319
3.272 0.90177
3.288 0.93155
3.304 1.02487
3.32 1.09511
3.336 1.07705
3.352 0.98747
3.368 0.90952
3.384 0.91557
3.4 1
3.416 1.08443
3.432 1.09048
3.448 1.01253
3.464 0.92295
3.48 0.90489
3.496 0.97513
3.512 1.06845
3.528 1.09823
3.544 1.03681
3.56 0.94122
3.576 0.9002
3.592 0.95182
3.608 1.04818
3.624 1.0998
3.64 1.05878
3.656 0.96319
3.672 0.90177
3.688 0.93155
3.704 1.02487
3.72 1.09511
3.736 1.07705
3.752 0.98747
3.768 0.90952
3.784 0.91557
3.8 1
3.816 1.08443
3.832 1.09048
3.848 1.01253
3.864 0.92295
3.88 0.90489
3.896 0.97513
3.912 1.06845
3.928 1.09823
3.944 1.03681
3.96 0.94122
3.976 0.9002
3.992 0.95182
4.008 1.04818
4.024 1.0998
4.04 1.05878
4.056 0.96319
4.072 0.90177
4.088 0.93155
4.104 1.02487
4.12 1.09511
4.136 1.07705
4.152 0.98747
4.168 0.90952
4.184 0.91557
4.2 1
4.216 1.08443
4.232 1.09048
4.248 1.01253
4.264 0.92295
4.28 0.90489
4.296 0.97513
4.312 1.06845
4.328 1.09823
4.344 1.03681
4.36 0.94122
4.376 0.9002
4.392 0.95182
4.408 1.04818
4.424 1.0998
4.44 1.05878
4.456 0.96319
4.472 0.90177
4.488 0.93155
4.504 1.02487
4.52 1.09511
4.536 1.07705
4.552 0.98747
4.568 0.90952
4.584 0.91557
4.6 1
4.616 1.08443
4.632 1.09048
4.648 1.01253
4.664 0.92295
4.68 0.90489
4.696 0.97513
4.712 1.06845
4.728 1.09823
4.744 1.03681
4.76 0.94122
4.776 0.9002
4.792 0.95182
4.808 1.04818
4.824 1.0998
4.84 1.05878
4.856 0.96319
4.872 0.90177
4.888 0.93155
4.904 1.02487
4.92 1.09511
4.936 1.07705
4.952 0.98747
4.968 0.90952
4.984 0.91557
5 0.97513
