-5 1.52454
-4.984 1.52304
-4.968 1.51475
-4.952 1.50655
-4.936 1.50411
-4.92 1.50392
-4.904 1.50539
-4.888 1.51869
-4.872 1.52487
-4.856 1.52514
-4.84 1.52427
-4.824 1.51907
-4.808 1.5087
-4.792 1.5046
-4.776 1.50389
-4.76 1.50434
-4.744 1.51167
-4.728 1.52422
-4.712 1.5253
-4.696 1.525
-4.68 1.52196
-4.664 1.51193
-4.648 1.50558
-4.632 1.50396
-4.616 1.50399
-4.6 1.50697
-4.584 1.52205
-4.568 1.52532
-4.552 1.52531
-4.536 1.52372
-4.52 1.51639
-4.504 1.50717
-4.488 1.50421
-4.472 1.5039
-4.456 1.50497
-4.44 1.51697
-4.424 1.52507
-4.408 1.52549
-4.392 1.52481
-4.376 1.52032
-4.36 1.5097
-4.344 1.50491
-4.328 1.50394
-4.312 1.50422
-4.296 1.50991
-4.28 1.52404
-4.264 1.52559
-4.248 1.52538
-4.232 1.52283
-4.216 1.51337
-4.2 1.50607
-4.184 1.50402
-4.168 1.50395
-4.152 1.50618
-4.136 1.52111
-4.12 1.52556
-4.104 1.52566
-4.088 1.5244
-4.072 1.51807
-4.056 1.50801
-4.04 1.50444
-4.024 1.50395
-4.008 1.50469
-3.992 1.51482
-3.976 1.52517
-3.96 1.52583
-3.944 1.52533
-3.928 1.5215
-3.912 1.5109
-3.896 1.50527
-3.88 1.50396
-3.864 1.50411
-3.848 1.50845
-3.832 1.52365
-3.816 1.52589
-3.8 1.52578
-3.784 1.52368
-3.768 1.51509
-3.752 1.5067
-3.736 1.50415
-3.72 1.50397
-3.704 1.50559
-3.688 1.51979
-3.672 1.52584
-3.656 1.52606
-3.64 1.52508
-3.624 1.51959
-3.608 1.50896
-3.592 1.50469
-3.576 1.50395
-3.56 1.50444
-3.544 1.51254
-3.528 1.52518
-3.512 1.52618
-3.496 1.52582
-3.48 1.52255
-3.464 1.51221
-3.448 1.50568
-3.432 1.50399
-3.416 1.50404
-3.4 1.50737
-3.384 1.52314
-3.368 1.52626
-3.352 1.52623
-3.336 1.5245
-3.32 1.51684
-3.304 1.50742
-3.288 1.50432
-3.272 1.50399
-3.256 1.50517
-3.24 1.51817
-3.224 1.52607
-3.208 1.52643
-3.192 1.52566
-3.176 1.52087
-3.16 1.50996
-3.144 1.50498
-3.128 1.50397
-3.112 1.50429
-3.096 1.51067
-3.08 1.52509
-3.064 1.52654
-3.048 1.5263
-3.032 1.52352
-3.016 1.51371
-3 1.50625
-2.984 1.50413
-2.968 1.50407
-2.952 1.5066
-2.936 1.52238
-2.92 1.52659
-2.904 1.52665
-2.888 1.52524
-2.872 1.51852
-2.856 1.50824
-2.84 1.50454
-2.824 1.50402
-2.808 1.50486
-2.792 1.51616
-2.776 1.52621
-2.76 1.52679
-2.744 1.52621
-2.728 1.52207
-2.712 1.51115
-2.696 1.50538
-2.68 1.50403
-2.664 1.50422
-2.648 1.50919
-2.632 1.52484
-2.616 1.52689
-2.6 1.52673
-2.584 1.52439
-2.568 1.51535
-2.552 1.50682
-2.536 1.50418
-2.52 1.50399
-2.504 1.50585
-2.488 1.52112
-2.472 1.52676
-2.456 1.52691
-2.44 1.52577
-2.424 1.51988
-2.408 1.509
-2.392 1.50462
-2.376 1.50386
-2.36 1.50445
-2.344 1.51374
-2.328 1.52613
-2.312 1.52701
-2.296 1.52657
-2.28 1.523
-2.264 1.5123
-2.248 1.50564
-2.232 1.50389
-2.216 1.50396
-2.2 1.50781
-2.184 1.52422
-2.168 1.52705
-2.152 1.52696
-2.136 1.525
-2.12 1.51686
-2.104 1.50729
-2.088 1.50409
-2.072 1.50375
-2.056 1.50514
-2.04 1.51941
-2.024 1.52681
-2.008 1.52715
-1.992 1.52636
-1.976 1.52146
-1.96 1.51097
-1.944 1.50739
-1.928 1.50939
-1.912 1.51506
-1.896 1.52619
-1.88 1.54104
-1.864 1.5415
-1.848 1.53779
-1.832 1.52871
-1.816 1.51501
-1.8 1.5063
-1.784 1.5038
-1.768 1.50369
-1.752 1.50687
-1.736 1.52364
-1.72 1.52721
-1.704 1.52721
-1.688 1.52551
-1.672 1.5181
-1.656 1.5078
-1.64 1.50415
-1.624 1.50368
-1.608 1.50478
-1.592 1.51804
-1.576 1.52696
-1.56 1.52738
-1.544 1.52663
-1.528 1.52194
-1.512 1.51063
-1.496 1.50489
-1.48 1.5036
-1.464 1.50387
-1.448 1.5101
-1.432 1.52576
-1.416 1.5274
-1.4 1.52715
-1.384 1.5244
-1.368 1.51465
-1.352 1.50622
-1.336 1.50364
-1.32 1.5035
-1.304 1.5059
-1.288 1.52254
-1.272 1.52733
-1.256 1.52741
-1.24 1.52603
-1.224 1.51949
-1.208 1.50849
-1.192 1.50416
-1.176 1.50345
-1.16 1.50423
-1.144 1.51565
-1.128 1.52691
-1.112 1.52756
-1.096 1.52698
-1.08 1.52293
-1.064 1.51173
-1.048 1.5051
-1.032 1.50342
-1.016 1.50356
-1 1.50845
-0.984 1.52527
-0.968 1.52755
-0.952 1.52741
-0.936 1.52511
-0.92 1.51621
-0.904 1.50671
-0.888 1.5036
-0.872 1.50333
-0.856 1.50512
-0.84 1.52112
-0.824 1.52745
-0.808 1.52765
-0.792 1.52651
-0.776 1.5207
-0.76 1.50924
-0.744 1.50421
-0.728 1.50323
-0.712 1.50373
-0.696 1.51313
-0.68 1.52676
-0.664 1.52771
-0.648 1.52724
-0.632 1.52371
-0.616 1.51292
-0.6 1.50539
-0.584 1.50322
-0.568 1.50324
-0.552 1.50711
-0.536 1.52463
-0.52 1.52771
-0.504 1.52765
-0.488 1.52578
-0.472 1.51786
-0.456 1.5073
-0.44 1.50355
-0.424 1.50315
-0.408 1.5045
-0.392 1.51928
-0.376 1.52743
-0.36 1.52782
-0.344 1.52697
-0.328 1.52181
-0.312 1.5101
-0.296 1.50432
-0.28 1.50308
-0.264 1.50337
-0.248 1.51075
-0.232 1.52643
-0.216 1.52792
-0.2 1.52757
-0.184 1.52446
-0.168 1.51428
-0.152 1.50584
-0.136 1.50318
-0.12 1.50295
-0.104 1.5059
-0.088 1.52375
-0.072 1.52795
-0.056 1.5278
-0.04 1.52622
-0.024 1.51937
-0.008 1.50807
0.008 1.50345
0.024 1.50277
0.04 1.50394
0.056 1.51716
0.072 1.52737
0.088 1.52786
0.104 1.52741
0.12 1.52302
0.136 1.51116
0.152 1.50437
0.168 1.5029
0.184 1.5032
0.2 1.5089
0.216 1.5259
0.232 1.52809
0.248 1.52807
0.264 1.52529
0.28 1.51564
0.296 1.50619
0.312 1.50326
0.328 1.50283
0.344 1.50471
0.36 1.52223
0.376 1.5282
0.392 1.52819
0.408 1.5265
0.424 1.52039
0.44 1.50906
0.456 1.50381
0.472 1.50234
0.488 1.50307
0.504 1.51484
0.52 1.52768
0.536 1.52785
0.552 1.52734
0.568 1.52416
0.584 1.51283
0.6 1.50448
0.616 1.50226
0.632 1.50306
0.648 1.50787
0.664 1.52524
0.68 1.5277
0.696 1.52835
0.712 1.52651
0.728 1.51724
0.744 1.50615
0.76 1.50304
0.776 1.50314
0.792 1.50416
0.808 1.51998
0.824 1.52792
0.84 1.52903
0.856 1.52743
0.872 1.52094
0.888 1.50943
0.904 1.50458
0.92 1.50284
0.936 1.50198
0.952 1.51147
0.968 1.52815
0.984 1.52902
1 1.52697
1.016 1.52394
1.032 1.51495
1.048 1.50608
1.064 1.5014
1.08 1.50136
1.096 1.50713
1.112 1.52586
1.128 1.52723
1.144 1.52697
1.16 1.52766
1.176 1.52041
1.192 1.5064
1.208 1.50129
1.224 1.50315
1.24 1.50533
1.256 1.51807
1.272 1.52606
1.288 1.52891
1.304 1.52979
1.32 1.52255
1.336 1.5085
1.352 1.50386
1.368 1.50466
1.384 1.50301
1.4 1.50727
1.416 1.52591
1.432 1.53134
1.448 1.52945
1.464 1.52245
1.48 1.51386
1.496 1.50879
1.512 1.50426
1.528 1.49879
1.544 1.50253
1.56 1.52696
1.576 1.53135
1.592 1.52494
1.608 1.52391
1.624 1.52408
1.64 1.51199
1.656 1.49919
1.672 1.49777
1.688 1.50647
1.704 1.52119
1.72 1.52456
1.736 1.52343
1.752 1.53133
1.768 1.52949
1.784 1.50913
1.8 1.49793
1.816 1.50389
1.832 1.50891
1.848 1.50756
1.864 1.51873
1.88 1.52856
1.896 1.53639
1.912 1.5269
1.928 1.50841
1.944 1.50447
1.96 1.51128
1.976 1.50533
1.992 1.49471
2.008 1.51686
2.024 1.53871
2.04 1.5348
2.056 1.51675
2.072 1.5143
2.088 1.52094
2.104 1.51161
2.12 1.48988
2.136 1.4921
2.152 1.52612
2.168 1.53947
2.184 1.51663
2.2 1.51516
2.216 1.53708
2.232 1.52819
2.248 1.49248
2.264 1.4851
2.28 1.51237
2.296 1.52585
2.312 1.51603
2.328 1.50864
2.344 1.53641
2.36 1.5485
2.376 1.51222
2.392 1.4839
2.408 1.50415
2.424 1.52685
2.44 1.50681
2.456 1.49254
2.472 1.5217
2.488 1.55809
2.504 1.53701
2.52 1.49066
2.536 1.49867
2.552 1.53653
2.568 1.5193
2.584 1.46734
2.6 1.48957
2.616 1.56276
2.632 1.55661
2.648 1.48995
2.664 1.49378
2.68 1.55606
2.696 1.54164
2.712 1.46031
2.728 1.45903
2.744 1.54751
2.76 1.57047
2.776 1.4896
2.792 1.47627
2.808 1.56613
2.824 1.5764
2.84 1.47296
2.856 1.43817
2.872 1.52818
2.888 1.57508
2.904 1.50073
2.92 1.45056
2.936 1.53894
2.952 1.60998
2.968 1.51952
2.984 1.42534
3 1.4932
3.016 1.59468
3.032 1.53077
3.048 1.41259
3.064 1.48066
3.08 1.63655
3.096 1.58168
3.112 1.40917
3.128 1.45397
3.144 1.63004
3.16 1.57662
3.176 1.37413
3.192 1.29791
3.208 1.05601
3.224 1.09983
3.24 1.05878
3.256 0.96319
3.272 0.90177
3.288 0.93155
3.304 1.02487
3.32 1.09511
3.336 1.07705
3.352 0.98747
3.368 0.90952
3.384 0.91557
3.4 1
3.416 1.08443
3.432 1.09048
3.448 1.01253
3.464 0.92295
3.48 0.90489
3.496 0.97513
3.512 1.06845
3.528 1.09823
3.544 1.03681
3.56 0.94122
3.576 0.9002
3.592 0.95182
3.608 1.04818
3.624 1.0998
3.64 1.05878
3.656 0.96319
3.672 0.90177
3.688 0.93155
3.704 1.02487
3.72 1.09511
3.736 1.07705
3.752 0.98747
3.768 0.90952
3.784 0.91557
3.8 1
3.816 1.08443
3.832 1.09048
3.848 1.01253
3.864 0.92295
3.88 0.90489
3.896 0.97513
3.912 1.06845
3.928 1.09823
3.944 1.03681
3.96 0.94122
3.976 0.9002
3.992 0.95182
4.008 1.04818
4.024 1.0998
4.04 1.05878
4.056 0.96319
4.072 0.90177
4.088 0.93155
4.104 1.02487
4.12 1.09511
4.136 1.07705
4.152 0.98747
4.168 0.90952
4.184 0.91557
4.2 1
4.216 1.08443
4.232 1.09048
4.248 1.01253
4.264 0.92295
4.28 0.90489
4.296 0.97513
4.312 1.06845
4.328 1.09823
4.344 1.03681
4.36 0.94122
4.376 0.9002
4.392 0.95182
4.408 1.04818
4.424 1.0998
4.44 1.05878
4.456 0.96319
4.472 0.90177
4.488 0.93155
4.504 1.02487
4.52 1.09511
4.536 1.07705
4.552 0.98747
4.568 0.90952
4.584 0.91557
4.6 1
4.616 1.08443
4.632 1.09048
4.648 1.01253
4.664 0.92295
4.68 0.90489
4.696 0.97513
4.712 1.06845
4.728 1.09823
4.744 1.03681
4.76 0.94122
4.776 0.9002
4.792 0.95182
4.808 1.04818
4.824 1.0998
4.84 1.05878
4.856 0.96319
4.872 0.90177
4.888 0.93155
4.904 1.02487
4.92 1.09511
4.936 1.07705
4.952 0.98747
4.968 0.90952
4.984 0.91557
5 0.97513
