-5 1.52607
-4.984 1.52573
-4.968 1.51588
-4.952 1.50005
-4.936 1.50006
-4.92 1.49984
-4.904 1.49958
-4.888 1.51879
-4.872 1.52724
-4.856 1.52624
-4.84 1.52624
-4.824 1.52261
-4.808 1.50152
-4.792 1.50028
-4.776 1.50027
-4.76 1.49959
-4.744 1.50518
-4.728 1.52769
-4.712 1.52655
-4.696 1.52654
-4.68 1.52544
-4.664 1.50849
-4.648 1.50053
-4.632 1.50059
-4.616 1.49993
-4.6 1.50035
-4.584 1.52608
-4.568 1.52727
-4.552 1.52665
-4.536 1.52638
-4.52 1.51831
-4.504 1.50084
-4.488 1.50083
-4.472 1.50063
-4.456 1.49979
-4.44 1.51443
-4.424 1.52804
-4.408 1.52682
-4.392 1.5268
-4.376 1.52408
-4.36 1.50322
-4.344 1.50103
-4.328 1.50105
-4.312 1.49988
-4.296 1.50308
-4.28 1.52816
-4.264 1.52713
-4.248 1.52698
-4.232 1.52629
-4.216 1.51249
-4.2 1.50106
-4.184 1.50107
-4.168 1.50032
-4.152 1.50004
-4.136 1.52449
-4.12 1.52802
-4.104 1.52714
-4.088 1.52702
-4.072 1.52162
-4.056 1.50162
-4.04 1.50118
-4.024 1.50103
-4.008 1.49985
-3.992 1.51046
-3.976 1.52863
-3.96 1.52733
-3.944 1.5273
-3.928 1.52564
-3.912 1.50674
-3.896 1.50126
-3.88 1.50128
-3.864 1.49997
-3.848 1.50165
-3.832 1.52834
-3.816 1.52775
-3.8 1.52743
-3.784 1.52704
-3.768 1.51723
-3.752 1.50147
-3.736 1.50147
-3.72 1.50079
-3.704 1.49997
-3.688 1.52145
-3.672 1.52877
-3.656 1.52766
-3.64 1.52763
-3.624 1.52394
-3.608 1.50308
-3.592 1.50169
-3.576 1.50152
-3.56 1.49988
-3.544 1.50685
-3.528 1.5292
-3.512 1.5279
-3.496 1.52785
-3.48 1.52665
-3.464 1.5102
-3.448 1.50183
-3.432 1.50187
-3.416 1.50025
-3.4 1.50086
-3.384 1.52817
-3.368 1.52862
-3.352 1.52803
-3.336 1.52774
-3.32 1.51986
-3.304 1.5023
-3.288 1.5022
-3.272 1.50142
-3.256 1.5
-3.24 1.51769
-3.224 1.5295
-3.208 1.5282
-3.192 1.52816
-3.176 1.52524
-3.16 1.50473
-3.144 1.50233
-3.128 1.50214
-3.112 1.49994
-3.096 1.50454
-3.08 1.52969
-3.064 1.52846
-3.048 1.52835
-3.032 1.52746
-3.016 1.51375
-3 1.50245
-2.984 1.50244
-2.968 1.50047
-2.952 1.50053
-2.936 1.52725
-2.92 1.52938
-2.904 1.52853
-2.888 1.52831
-2.872 1.52245
-2.856 1.50302
-2.84 1.50253
-2.824 1.50163
-2.808 1.50006
-2.792 1.5139
-2.776 1.53
-2.76 1.52858
-2.744 1.52854
-2.728 1.52646
-2.712 1.50786
-2.696 1.5026
-2.68 1.50237
-2.664 1.50008
-2.648 1.503
-2.632 1.52994
-2.616 1.52895
-2.6 1.52867
-2.584 1.52804
-2.568 1.51777
-2.552 1.50273
-2.536 1.5026
-2.52 1.50048
-2.504 1.50027
-2.488 1.52484
-2.472 1.52982
-2.456 1.52869
-2.44 1.52854
-2.424 1.52414
-2.408 1.50413
-2.392 1.50262
-2.376 1.50157
-2.36 1.49991
-2.344 1.50972
-2.328 1.53022
-2.312 1.52879
-2.296 1.52872
-2.28 1.52707
-2.264 1.51099
-2.248 1.50279
-2.232 1.50246
-2.216 1.49995
-2.2 1.50167
-2.184 1.52964
-2.168 1.52934
-2.152 1.52878
-2.136 1.52826
-2.12 1.51983
-2.104 1.50315
-2.088 1.50278
-2.072 1.5003
-2.056 1.49995
-2.04 1.52116
-2.024 1.5301
-2.008 1.52881
-1.992 1.52871
-1.976 1.52502
-1.96 1.50574
-1.944 1.50308
-1.928 1.50261
-1.912 1.50766
-1.896 1.52956
-1.88 1.55694
-1.864 1.55248
-1.848 1.53501
-1.832 1.52694
-1.816 1.5127
-1.8 1.5037
-1.784 1.50232
-1.768 1.49876
-1.752 1.50092
-1.736 1.5304
-1.72 1.53016
-1.704 1.52783
-1.688 1.52799
-1.672 1.52228
-1.656 1.50439
-1.64 1.50162
-1.624 1.49934
-1.608 1.50129
-1.592 1.51945
-1.576 1.52926
-1.56 1.52801
-1.544 1.53018
-1.528 1.52675
-1.512 1.50644
-1.496 1.50182
-1.48 1.50227
-1.464 1.50127
-1.448 1.50392
-1.432 1.52899
-1.416 1.53017
-1.4 1.5305
-1.384 1.52679
-1.368 1.51422
-1.352 1.50407
-1.336 1.50383
-1.32 1.49939
-1.304 1.49887
-1.288 1.52762
-1.272 1.53186
-1.256 1.52911
-1.24 1.5268
-1.224 1.5222
-1.208 1.5069
-1.192 1.50351
-1.176 1.4981
-1.16 1.49911
-1.144 1.51571
-1.128 1.53182
-1.112 1.52717
-1.096 1.52773
-1.08 1.52828
-1.064 1.51163
-1.048 1.50138
-1.032 1.49916
-1.016 1.50193
-1 1.505
-0.984 1.52837
-0.968 1.52741
-0.952 1.53107
-0.936 1.53027
-0.92 1.51578
-0.904 1.50188
-0.888 1.50394
-0.872 1.5024
-0.856 1.49904
-0.84 1.52207
-0.824 1.53139
-0.808 1.53201
-0.792 1.52806
-0.776 1.52038
-0.76 1.50702
-0.744 1.50629
-0.728 1.5
-0.712 1.49683
-0.696 1.50897
-0.68 1.53383
-0.664 1.53035
-0.648 1.52587
-0.632 1.52523
-0.616 1.51546
-0.6 1.50586
-0.584 1.4973
-0.568 1.4976
-0.552 1.50528
-0.536 1.53266
-0.52 1.52646
-0.504 1.52636
-0.488 1.53183
-0.472 1.52219
-0.456 1.50197
-0.44 1.49888
-0.424 1.50314
-0.408 1.50408
-0.392 1.51828
-0.376 1.52641
-0.36 1.53203
-0.344 1.53324
-0.328 1.52142
-0.312 1.50387
-0.296 1.50566
-0.28 1.50459
-0.264 1.4988
-0.248 1.50175
-0.232 1.53096
-0.216 1.53448
-0.2 1.52925
-0.184 1.52177
-0.168 1.51351
-0.152 1.51029
-0.136 1.5022
-0.12 1.49452
-0.104 1.49863
-0.088 1.53436
-0.072 1.53332
-0.056 1.52367
-0.04 1.52494
-0.024 1.5261
-0.008 1.5109
0.008 1.49664
0.024 1.49503
0.04 1.50585
0.056 1.52213
0.072 1.52492
0.088 1.52352
0.104 1.53468
0.12 1.53086
0.136 1.50479
0.152 1.49773
0.168 1.50461
0.184 1.50716
0.2 1.5007
0.216 1.52291
0.232 1.53278
0.248 1.53718
0.264 1.52486
0.28 1.50757
0.296 1.50755
0.312 1.50907
0.328 1.5001
0.344 1.49212
0.36 1.52481
0.376 1.53916
0.392 1.53206
0.408 1.51957
0.424 1.5177
0.44 1.51755
0.456 1.50763
0.472 1.49034
0.488 1.49375
0.504 1.52184
0.52 1.538
0.536 1.51992
0.552 1.52135
0.568 1.53512
0.584 1.52044
0.6 1.49556
0.616 1.49026
0.632 1.50903
0.648 1.5135
0.664 1.52189
0.68 1.51862
0.696 1.5374
0.712 1.53944
0.728 1.50959
0.744 1.4949
0.76 1.5064
0.776 1.51295
0.792 1.49714
0.808 1.51
0.824 1.53194
0.84 1.54353
0.856 1.52843
0.872 1.50753
0.888 1.5084
0.904 1.51819
0.92 1.50407
0.936 1.48496
0.952 1.50184
0.968 1.54614
0.984 1.53818
1 1.51342
1.016 1.51611
1.032 1.5297
1.048 1.51765
1.064 1.48365
1.08 1.48642
1.096 1.51773
1.112 1.54484
1.128 1.51416
1.144 1.51335
1.16 1.54373
1.176 1.53529
1.192 1.49358
1.208 1.48238
1.224 1.51303
1.24 1.52025
1.256 1.50923
1.272 1.50935
1.288 1.53897
1.304 1.55069
1.32 1.51506
1.336 1.48881
1.352 1.50848
1.368 1.52332
1.384 1.50023
1.4 1.48212
1.416 1.52628
1.432 1.55464
1.448 1.53575
1.464 1.50058
1.48 1.5059
1.496 1.53366
1.512 1.51313
1.528 1.47333
1.544 1.48387
1.56 1.55488
1.576 1.55024
1.592 1.50235
1.608 1.50648
1.624 1.54714
1.64 1.53418
1.656 1.4739
1.672 1.47286
1.688 1.5256
1.704 1.54523
1.72 1.50646
1.736 1.49867
1.752 1.55214
1.768 1.55606
1.784 1.49178
1.8 1.47012
1.816 1.51618
1.832 1.53626
1.848 1.49463
1.864 1.49203
1.88 1.53624
1.896 1.5684
1.912 1.52355
1.928 1.47592
1.944 1.50606
1.96 1.54166
1.976 1.5107
1.992 1.4591
2.008 1.50612
2.024 1.57392
2.04 1.55178
2.056 1.48348
2.072 1.49466
2.088 1.55762
2.104 1.53263
2.12 1.45412
2.136 1.46287
2.152 1.55681
2.168 1.57236
2.184 1.48502
2.2 1.4847
2.216 1.56904
2.232 1.56179
2.248 1.46253
2.264 1.44844
2.28 1.53704
2.296 1.56093
2.312 1.49585
2.328 1.47213
2.344 1.55778
2.36 1.58684
2.376 1.49383
2.392 1.44709
2.408 1.5144
2.424 1.56499
2.44 1.50138
2.456 1.45224
2.472 1.52188
2.488 1.59894
2.504 1.54276
2.52 1.44958
2.536 1.49018
2.552 1.57557
2.568 1.53524
2.584 1.42649
2.6 1.46572
2.616 1.60252
2.632 1.58416
2.648 1.45208
2.664 1.46542
2.68 1.59429
2.696 1.57227
2.712 1.42392
2.728 1.42504
2.744 1.57973
2.76 1.60402
2.776 1.46126
2.792 1.44369
2.808 1.5938
2.824 1.60895
2.84 1.4493
2.856 1.40553
2.872 1.54675
2.888 1.60569
2.904 1.48498
2.92 1.42224
2.936 1.55286
2.952 1.63674
2.968 1.50865
2.984 1.40124
3 1.4997
3.016 1.61565
3.032 1.52977
3.048 1.39364
3.064 1.47867
3.08 1.65263
3.096 1.5839
3.112 1.39701
3.128 1.45464
3.144 1.63819
3.16 1.57477
3.176 1.37448
3.192 1.31407
3.208 1.04955
3.224 1.0998
3.24 1.05878
3.256 0.96319
3.272 0.90177
3.288 0.93155
3.304 1.02487
3.32 1.09511
3.336 1.07705
3.352 0.98747
3.368 0.90952
3.384 0.91557
3.4 1
3.416 1.08443
3.432 1.09048
3.448 1.01253
3.464 0.92295
3.48 0.90489
3.496 0.97513
3.512 1.06845
3.528 1.09823
3.544 1.03681
3.56 0.94122
3.576 0.9002
3.592 0.95182
3.608 1.04818
3.624 1.0998
3.64 1.05878
3.656 0.96319
3.672 0.90177
3.688 0.93155
3.704 1.02487
3.72 1.09511
3.736 1.07705
3.752 0.98747
3.768 0.90952
3.784 0.91557
3.8 1
3.816 1.08443
3.832 1.09048
3.848 1.01253
3.864 0.92295
3.88 0.90489
3.896 0.97513
3.912 1.06845
3.928 1.09823
3.944 1.03681
3.96 0.94122
3.976 0.9002
3.992 0.95182
4.008 1.04818
4.024 1.0998
4.04 1.05878
4.056 0.96319
4.072 0.90177
4.088 0.93155
4.104 1.02487
4.12 1.09511
4.136 1.07705
4.152 0.98747
4.168 0.90952
4.184 0.91557
4.2 1
4.216 1.08443
4.232 1.09048
4.248 1.01253
4.264 0.92295
4.28 0.90489
4.296 0.97513
4.312 1.06845
4.328 1.09823
4.344 1.03681
4.36 0.94122
4.376 0.9002
4.392 0.95182
4.408 1.04818
4.424 1.0998
4.44 1.05878
4.456 0.96319
4.472 0.90177
4.488 0.93155
4.504 1.02487
4.52 1.09511
4.536 1.07705
4.552 0.98747
4.568 0.90952
4.584 0.91557
4.6 1
4.616 1.08443
4.632 1.09048
4.648 1.01253
4.664 0.92295
4.68 0.90489
4.696 0.97513
4.712 1.06845
4.728 1.09823
4.744 1.03681
4.76 0.94122
4.776 0.9002
4.792 0.95182
4.808 1.04818
4.824 1.0998
4.84 1.05878
4.856 0.96319
4.872 0.90177
4.888 0.93155
4.904 1.02487
4.92 1.09511
4.936 1.07705
4.952 0.98747
4.968 0.90952
4.984 0.91557
5 0.97513
