-5 1.5108
-4.984 1.51126
-4.968 1.50031
-4.952 1.48555
-4.936 1.52609
-4.92 1.50895
-4.904 1.4753
-4.888 1.51811
-4.872 1.51859
-4.856 1.51175
-4.84 1.51186
-4.824 1.50722
-4.808 1.492
-4.792 1.50221
-4.776 1.53093
-4.76 1.48425
-4.744 1.49023
-4.728 1.52756
-4.712 1.51458
-4.696 1.51264
-4.68 1.51081
-4.664 1.49933
-4.648 1.48791
-4.632 1.53041
-4.616 1.50095
-4.6 1.47549
-4.584 1.52776
-4.568 1.51876
-4.552 1.51357
-4.536 1.51242
-4.52 1.50583
-4.504 1.49212
-4.488 1.5148
-4.472 1.52366
-4.456 1.48064
-4.44 1.5122
-4.424 1.52639
-4.408 1.51608
-4.392 1.51345
-4.376 1.51007
-4.36 1.49842
-4.344 1.49287
-4.328 1.53121
-4.312 1.49314
-4.296 1.48176
-4.28 1.53168
-4.264 1.5194
-4.248 1.51478
-4.232 1.51244
-4.216 1.50466
-4.2 1.49332
-4.184 1.52328
-4.168 1.51308
-4.152 1.47842
-4.136 1.52755
-4.12 1.52497
-4.104 1.51745
-4.088 1.514
-4.072 1.50912
-4.056 1.49797
-4.04 1.5035
-4.024 1.53032
-4.008 1.48676
-3.992 1.50315
-3.976 1.53228
-3.96 1.5204
-3.944 1.5155
-3.928 1.51201
-3.912 1.50353
-3.896 1.4953
-3.88 1.52737
-3.864 1.50264
-3.848 1.47873
-3.832 1.53397
-3.816 1.52437
-3.8 1.51795
-3.784 1.51391
-3.768 1.50806
-3.752 1.4983
-3.736 1.51452
-3.72 1.52386
-3.704 1.48214
-3.688 1.52343
-3.672 1.5303
-3.656 1.52106
-3.64 1.51572
-3.624 1.51122
-3.608 1.50264
-3.592 1.49908
-3.576 1.52812
-3.56 1.49293
-3.544 1.49288
-3.528 1.53606
-3.512 1.52455
-3.496 1.5181
-3.48 1.51338
-3.464 1.50669
-3.448 1.49896
-3.432 1.52202
-3.416 1.51138
-3.4 1.48037
-3.384 1.53496
-3.368 1.52875
-3.352 1.52116
-3.336 1.51532
-3.32 1.51002
-3.304 1.50213
-3.288 1.5087
-3.272 1.52678
-3.256 1.48541
-3.24 1.51728
-3.224 1.53443
-3.208 1.52456
-3.192 1.51775
-3.176 1.51246
-3.16 1.5056
-3.144 1.5004
-3.128 1.52453
-3.112 1.49838
-3.096 1.48559
-3.08 1.53796
-3.064 1.52802
-3.048 1.52082
-3.032 1.51461
-3.016 1.50875
-3 1.50221
-2.984 1.5168
-2.968 1.51716
-2.952 1.4813
-2.936 1.53363
-2.92 1.53214
-2.904 1.52424
-2.888 1.51703
-2.872 1.51128
-2.856 1.50488
-2.84 1.50533
-2.824 1.5239
-2.808 1.48853
-2.792 1.50926
-2.776 1.53748
-2.76 1.52755
-2.744 1.51999
-2.728 1.51348
-2.712 1.50761
-2.696 1.50306
-2.68 1.5205
-2.664 1.50334
-2.648 1.48138
-2.632 1.53863
-2.616 1.53089
-2.6 1.52346
-2.584 1.51592
-2.568 1.50996
-2.552 1.50453
-2.536 1.51229
-2.52 1.51985
-2.504 1.48254
-2.488 1.52936
-2.472 1.53498
-2.456 1.5268
-2.44 1.51879
-2.424 1.51203
-2.408 1.50649
-2.392 1.50431
-2.376 1.52068
-2.36 1.4914
-2.344 1.50021
-2.328 1.53894
-2.312 1.52999
-2.296 1.52224
-2.28 1.51446
-2.264 1.50863
-2.248 1.50462
-2.232 1.51657
-2.216 1.50633
-2.2 1.48034
-2.184 1.53758
-2.168 1.53325
-2.152 1.52573
-2.136 1.51737
-2.12 1.51064
-2.104 1.50595
-2.088 1.50945
-2.072 1.51877
-2.056 1.48361
-2.04 1.52367
-2.024 1.53699
-2.008 1.52894
-1.992 1.52089
-1.976 1.51308
-1.96 1.50802
-1.944 1.50629
-1.928 1.52048
-1.912 1.50015
-1.896 1.50954
-1.88 1.56283
-1.864 1.56117
-1.848 1.54526
-1.832 1.51789
-1.816 1.49489
-1.8 1.49768
-1.784 1.5204
-1.768 1.5132
-1.752 1.47715
-1.736 1.52875
-1.72 1.53846
-1.704 1.53379
-1.688 1.51706
-1.672 1.5053
-1.656 1.50874
-1.64 1.51517
-1.624 1.51556
-1.608 1.47754
-1.592 1.52087
-1.576 1.5437
-1.56 1.53121
-1.544 1.51578
-1.528 1.51367
-1.512 1.5161
-1.496 1.50773
-1.48 1.50691
-1.464 1.49157
-1.448 1.49975
-1.432 1.53897
-1.416 1.52629
-1.4 1.52326
-1.384 1.52596
-1.368 1.51395
-1.352 1.49852
-1.336 1.50677
-1.32 1.51487
-1.304 1.48685
-1.288 1.52548
-1.272 1.53011
-1.256 1.53696
-1.24 1.52775
-1.224 1.50588
-1.208 1.50126
-1.192 1.514
-1.176 1.52131
-1.16 1.4806
-1.144 1.50753
-1.128 1.54029
-1.112 1.54144
-1.096 1.52112
-1.08 1.5075
-1.064 1.51287
-1.048 1.51643
-1.032 1.50978
-1.016 1.48491
-1 1.48885
-0.984 1.54557
-0.968 1.53509
-0.952 1.51774
-0.936 1.52025
-0.92 1.52222
-0.904 1.50845
-0.888 1.49862
-0.872 1.50367
-0.856 1.4943
-0.84 1.53366
-0.824 1.52344
-0.808 1.52757
-0.792 1.5359
-0.776 1.51872
-0.76 1.49616
-0.744 1.50232
-0.728 1.52396
-0.712 1.49387
-0.696 1.49905
-0.68 1.52722
-0.664 1.54664
-0.648 1.53477
-0.632 1.5068
-0.616 1.50144
-0.6 1.51835
-0.584 1.52026
-0.568 1.48558
-0.552 1.47561
-0.536 1.54224
-0.52 1.54685
-0.504 1.52197
-0.488 1.51033
-0.472 1.51993
-0.456 1.52092
-0.44 1.50326
-0.424 1.48986
-0.408 1.48884
-0.392 1.54139
-0.376 1.53191
-0.36 1.51844
-0.344 1.52748
-0.328 1.53196
-0.312 1.50826
-0.296 1.49163
-0.28 1.50823
-0.264 1.50583
-0.248 1.50945
-0.232 1.51666
-0.216 1.53113
-0.2 1.54548
-0.184 1.52509
-0.168 1.49367
-0.152 1.50206
-0.136 1.52734
-0.12 1.50334
-0.104 1.46857
-0.088 1.52225
-0.072 1.55274
-0.056 1.54183
-0.04 1.50569
-0.024 1.50405
-0.008 1.5263
0.008 1.52089
0.024 1.48538
0.04 1.47325
0.056 1.5369
0.072 1.54909
0.088 1.52106
0.104 1.51033
0.12 1.53177
0.136 1.52763
0.152 1.49677
0.168 1.48681
0.184 1.50024
0.2 1.52311
0.216 1.52595
0.232 1.51315
0.248 1.53543
0.264 1.54397
0.28 1.50903
0.296 1.48536
0.312 1.50888
0.328 1.52047
0.344 1.48907
0.36 1.50483
0.376 1.53027
0.392 1.55873
0.408 1.52883
0.424 1.49156
0.44 1.50372
0.456 1.5336
0.472 1.50963
0.488 1.4628
0.504 1.50814
0.52 1.55959
0.536 1.54668
0.552 1.50017
0.568 1.50725
0.584 1.54003
0.6 1.52286
0.616 1.47726
0.632 1.47521
0.648 1.52471
0.664 1.55165
0.68 1.50999
0.696 1.51007
0.712 1.54606
0.728 1.53848
0.744 1.4876
0.76 1.47981
0.776 1.51493
0.792 1.51719
0.808 1.5136
0.824 1.50239
0.84 1.54592
0.856 1.55653
0.872 1.50804
0.888 1.47883
0.904 1.51353
0.92 1.53467
0.936 1.48866
0.952 1.48154
0.968 1.53054
0.984 1.56912
1 1.53103
1.016 1.48527
1.032 1.51038
1.048 1.54485
1.064 1.51031
1.08 1.45657
1.096 1.48719
1.112 1.56916
1.128 1.54635
1.144 1.49193
1.16 1.50932
1.176 1.55907
1.192 1.52717
1.208 1.462
1.224 1.47583
1.24 1.53191
1.256 1.55139
1.272 1.49208
1.288 1.50429
1.304 1.56572
1.32 1.55064
1.336 1.4759
1.352 1.47167
1.368 1.5324
1.384 1.53105
1.4 1.48779
1.416 1.48854
1.432 1.55599
1.448 1.57324
1.464 1.50095
1.48 1.47153
1.496 1.52558
1.512 1.54861
1.528 1.48413
1.544 1.45043
1.56 1.5332
1.576 1.58202
1.592 1.52786
1.608 1.47383
1.624 1.52106
1.64 1.56402
1.656 1.50623
1.672 1.44267
1.688 1.48457
1.704 1.57877
1.72 1.54399
1.736 1.47278
1.752 1.51319
1.768 1.58266
1.784 1.53272
1.8 1.44248
1.816 1.4741
1.832 1.55806
1.848 1.545
1.864 1.46524
1.88 1.49469
1.896 1.59363
1.912 1.56293
1.928 1.45655
1.944 1.46461
1.96 1.55685
1.976 1.54641
1.992 1.45398
2.008 1.46892
2.024 1.57384
2.04 1.58846
2.056 1.48536
2.072 1.46072
2.088 1.54857
2.104 1.56667
2.12 1.46941
2.136 1.42893
2.152 1.53782
2.168 1.59992
2.184 1.51404
2.2 1.45677
2.216 1.53718
2.232 1.59079
2.248 1.49767
2.264 1.4202
2.28 1.49485
2.296 1.59358
2.312 1.53558
2.328 1.44466
2.344 1.51733
2.36 1.61285
2.376 1.53607
2.392 1.41847
2.408 1.47444
2.424 1.59076
2.44 1.54215
2.456 1.42615
2.472 1.48466
2.488 1.62543
2.504 1.57578
2.52 1.42579
2.536 1.45891
2.552 1.59546
2.568 1.56106
2.584 1.41681
2.6 1.44348
2.616 1.60311
2.632 1.60579
2.648 1.45637
2.664 1.44513
2.68 1.58586
2.696 1.59075
2.712 1.44033
2.728 1.40601
2.744 1.55656
2.76 1.62146
2.776 1.48891
2.792 1.42772
2.808 1.56343
2.824 1.6257
2.84 1.48057
2.856 1.38897
2.872 1.51324
2.888 1.62425
2.904 1.5162
2.92 1.40404
2.936 1.52524
2.952 1.65478
2.968 1.53266
2.984 1.38344
3 1.48178
3.016 1.63211
3.032 1.54047
3.048 1.37623
3.064 1.47498
3.08 1.66923
3.096 1.58405
3.112 1.38272
3.128 1.45637
3.144 1.64791
3.16 1.57321
3.176 1.37333
3.192 1.31744
3.208 1.04517
3.224 1.0998
3.24 1.05878
3.256 0.96319
3.272 0.90177
3.288 0.93155
3.304 1.02487
3.32 1.09511
3.336 1.07705
3.352 0.98747
3.368 0.90952
3.384 0.91557
3.4 1
3.416 1.08443
3.432 1.09048
3.448 1.01253
3.464 0.92295
3.48 0.90489
3.496 0.97513
3.512 1.06845
3.528 1.09823
3.544 1.03681
3.56 0.94122
3.576 0.9002
3.592 0.95182
3.608 1.04818
3.624 1.0998
3.64 1.05878
3.656 0.96319
3.672 0.90177
3.688 0.93155
3.704 1.02487
3.72 1.09511
3.736 1.07705
3.752 0.98747
3.768 0.90952
3.784 0.91557
3.8 1
3.816 1.08443
3.832 1.09048
3.848 1.01253
3.864 0.92295
3.88 0.90489
3.896 0.97513
3.912 1.06845
3.928 1.09823
3.944 1.03681
3.96 0.94122
3.976 0.9002
3.992 0.95182
4.008 1.04818
4.024 1.0998
4.04 1.05878
4.056 0.96319
4.072 0.90177
4.088 0.93155
4.104 1.02487
4.12 1.09511
4.136 1.07705
4.152 0.98747
4.168 0.90952
4.184 0.91557
4.2 1
4.216 1.08443
4.232 1.09048
4.248 1.01253
4.264 0.92295
4.28 0.90489
4.296 0.97513
4.312 1.06845
4.328 1.09823
4.344 1.03681
4.36 0.94122
4.376 0.9002
4.392 0.95182
4.408 1.04818
4.424 1.0998
4.44 1.05878
4.456 0.96319
4.472 0.90177
4.488 0.93155
4.504 1.02487
4.52 1.09511
4.536 1.07705
4.552 0.98747
4.568 0.90952
4.584 0.91557
4.6 1
4.616 1.08443
4.632 1.09048
4.648 1.01253
4.664 0.92295
4.68 0.90489
4.696 0.97513
4.712 1.06845
4.728 1.09823
4.744 1.03681
4.76 0.94122
4.776 0.9002
4.792 0.95182
4.808 1.04818
4.824 1.0998
4.84 1.05878
4.856 0.96319
4.872 0.90177
4.888 0.93155
4.904 1.02487
4.92 1.09511
4.936 1.07705
4.952 0.98747
4.968 0.90952
4.984 0.91557
5 0.97513
