-5 1.50646
-4.984 1.50206
-4.968 1.5139
-4.952 1.51238
-4.936 1.51238
-4.92 1.49387
-4.904 1.48614
-4.888 1.52348
-4.872 1.5257
-4.856 1.52546
-4.84 1.50345
-4.824 1.51123
-4.808 1.5142
-4.792 1.51358
-4.776 1.5089
-4.76 1.48668
-4.744 1.49322
-4.728 1.52937
-4.712 1.52611
-4.696 1.50908
-4.68 1.50541
-4.664 1.51572
-4.648 1.51421
-4.632 1.51439
-4.616 1.4871
-4.6 1.4875
-4.584 1.53027
-4.568 1.52698
-4.552 1.52565
-4.536 1.5048
-4.52 1.51516
-4.504 1.51454
-4.488 1.51449
-4.472 1.49217
-4.456 1.48821
-4.44 1.51612
-4.424 1.52852
-4.408 1.52744
-4.392 1.5062
-4.376 1.51121
-4.36 1.51632
-4.344 1.51531
-4.328 1.50712
-4.312 1.48853
-4.296 1.49003
-4.28 1.53166
-4.264 1.52768
-4.248 1.51628
-4.232 1.50647
-4.216 1.51749
-4.2 1.51587
-4.184 1.5157
-4.168 1.48872
-4.152 1.48908
-4.136 1.53063
-4.12 1.52861
-4.104 1.52843
-4.088 1.50659
-4.072 1.51476
-4.056 1.51623
-4.04 1.51578
-4.024 1.49337
-4.008 1.49021
-3.992 1.50608
-3.976 1.53041
-3.96 1.52861
-3.944 1.5105
-3.928 1.50914
-3.912 1.51771
-3.896 1.51651
-3.88 1.50837
-3.864 1.48997
-3.848 1.49096
-3.832 1.53234
-3.816 1.52868
-3.8 1.52636
-3.784 1.50804
-3.768 1.51792
-3.752 1.51691
-3.736 1.51676
-3.72 1.49084
-3.704 1.4911
-3.688 1.5266
-3.672 1.52963
-3.656 1.52919
-3.64 1.50919
-3.624 1.51326
-3.608 1.51758
-3.592 1.51708
-3.576 1.49403
-3.56 1.49157
-3.544 1.49762
-3.528 1.53192
-3.512 1.52957
-3.496 1.51819
-3.48 1.50968
-3.464 1.51858
-3.448 1.51757
-3.432 1.50763
-3.416 1.49157
-3.4 1.49302
-3.384 1.53184
-3.368 1.52999
-3.352 1.52971
-3.336 1.51007
-3.32 1.51834
-3.304 1.51854
-3.288 1.51783
-3.272 1.49204
-3.256 1.49479
-3.24 1.51065
-3.224 1.53197
-3.208 1.53043
-3.192 1.51205
-3.176 1.5129
-3.16 1.51881
-3.144 1.51845
-3.128 1.49421
-3.112 1.4931
-3.096 1.49849
-3.08 1.53262
-3.064 1.53079
-3.048 1.52425
-3.032 1.51104
-3.016 1.51975
-3 1.51914
-2.984 1.50594
-2.968 1.49296
-2.952 1.49832
-2.936 1.5271
-2.92 1.53097
-2.904 1.53105
-2.888 1.51117
-2.872 1.51824
-2.856 1.51932
-2.84 1.51884
-2.824 1.49342
-2.808 1.49791
-2.792 1.50326
-2.776 1.53236
-2.76 1.53126
-2.744 1.51789
-2.728 1.51209
-2.712 1.51934
-2.696 1.51927
-2.68 1.49557
-2.664 1.49567
-2.648 1.49862
-2.632 1.53275
-2.616 1.53085
-2.6 1.53044
-2.584 1.51229
-2.568 1.51946
-2.552 1.51953
-2.536 1.50741
-2.52 1.49418
-2.504 1.49862
-2.488 1.52079
-2.472 1.53132
-2.456 1.53128
-2.44 1.51372
-2.424 1.51491
-2.408 1.51917
-2.392 1.51855
-2.376 1.49448
-2.36 1.49822
-2.344 1.49951
-2.328 1.53223
-2.312 1.53115
-2.296 1.52555
-2.28 1.51302
-2.264 1.51947
-2.248 1.51946
-2.232 1.49617
-2.216 1.49657
-2.2 1.49843
-2.184 1.53076
-2.168 1.53106
-2.152 1.53132
-2.136 1.51326
-2.12 1.51968
-2.104 1.51978
-2.088 1.5069
-2.072 1.49499
-2.056 1.49846
-2.04 1.51285
-2.024 1.53127
-2.008 1.53182
-1.992 1.51667
-1.976 1.51482
-1.96 1.51963
-1.944 1.51923
-1.928 1.49551
-1.912 1.49819
-1.896 1.49971
-1.88 1.59291
-1.864 1.60742
-1.848 1.52765
-1.832 1.44111
-1.816 1.50185
-1.8 1.59351
-1.784 1.52607
-1.768 1.42343
-1.752 1.4524
-1.736 1.60563
-1.72 1.58619
-1.704 1.45759
-1.688 1.45716
-1.672 1.59409
-1.656 1.58126
-1.64 1.42839
-1.624 1.42856
-1.608 1.57313
-1.592 1.58244
-1.576 1.45682
-1.56 1.46075
-1.544 1.59792
-1.528 1.5857
-1.512 1.44745
-1.496 1.44264
-1.48 1.55604
-1.464 1.57382
-1.448 1.45526
-1.432 1.45514
-1.416 1.56596
-1.4 1.60949
-1.384 1.48928
-1.368 1.44091
-1.352 1.53012
-1.336 1.57404
-1.32 1.50323
-1.304 1.42096
-1.288 1.50323
-1.272 1.61045
-1.256 1.56527
-1.24 1.43795
-1.224 1.47505
-1.208 1.5985
-1.192 1.55695
-1.176 1.41688
-1.16 1.43638
-1.144 1.58392
-1.128 1.60081
-1.112 1.45236
-1.096 1.46112
-1.08 1.59459
-1.064 1.59011
-1.048 1.43574
-1.032 1.4206
-1.016 1.57613
-1 1.57677
-0.984 1.46016
-0.968 1.4518
-0.952 1.60035
-0.936 1.59411
-0.92 1.45973
-0.904 1.43625
-0.888 1.54013
-0.872 1.57944
-0.856 1.47597
-0.84 1.44044
-0.824 1.54119
-0.808 1.61598
-0.792 1.5193
-0.776 1.43297
-0.76 1.5052
-0.744 1.59005
-0.728 1.52709
-0.712 1.4154
-0.696 1.45231
-0.68 1.61672
-0.664 1.58906
-0.648 1.44831
-0.632 1.45421
-0.616 1.60293
-0.6 1.58467
-0.584 1.41163
-0.568 1.42408
-0.552 1.58257
-0.536 1.61155
-0.52 1.44671
-0.504 1.45353
-0.488 1.60185
-0.472 1.59779
-0.456 1.43415
-0.44 1.41398
-0.424 1.57001
-0.408 1.58346
-0.392 1.46401
-0.376 1.44516
-0.36 1.58062
-0.344 1.61369
-0.328 1.47918
-0.312 1.42966
-0.296 1.52857
-0.28 1.5844
-0.264 1.49957
-0.248 1.41236
-0.232 1.51316
-0.216 1.62027
-0.2 1.56067
-0.184 1.42705
-0.168 1.47706
-0.152 1.60654
-0.136 1.55049
-0.12 1.40956
-0.104 1.43133
-0.088 1.62083
-0.072 1.60509
-0.056 1.44276
-0.04 1.44719
-0.024 1.60693
-0.008 1.59652
0.008 1.40693
0.024 1.41384
0.04 1.58714
0.056 1.60213
0.072 1.44579
0.088 1.44375
0.104 1.61459
0.12 1.60389
0.136 1.44306
0.152 1.41853
0.168 1.55207
0.184 1.59067
0.2 1.46674
0.216 1.43892
0.232 1.55185
0.248 1.62582
0.264 1.50652
0.28 1.42267
0.296 1.51059
0.312 1.59079
0.328 1.52645
0.344 1.40478
0.36 1.4804
0.376 1.62614
0.392 1.5894
0.408 1.43321
0.424 1.45288
0.44 1.61266
0.456 1.56999
0.472 1.40283
0.488 1.41657
0.504 1.60187
0.52 1.61948
0.536 1.43658
0.552 1.44485
0.568 1.61277
0.584 1.60608
0.6 1.41207
0.616 1.4043
0.632 1.58458
0.648 1.59355
0.664 1.45958
0.68 1.43459
0.696 1.59791
0.712 1.61818
0.728 1.464
0.744 1.41676
0.76 1.52858
0.776 1.5975
0.792 1.491
0.808 1.42715
0.824 1.5221
0.84 1.63272
0.856 1.55117
0.872 1.41593
0.888 1.48098
0.904 1.59925
0.92 1.55318
0.936 1.39841
0.952 1.43181
0.968 1.63352
0.984 1.60977
1 1.43064
1.016 1.43728
1.032 1.61823
1.048 1.59532
1.064 1.39587
1.08 1.40531
1.096 1.59869
1.112 1.63079
1.128 1.43121
1.144 1.43424
1.16 1.62777
1.176 1.61443
1.192 1.42426
1.208 1.39611
1.224 1.56949
1.24 1.60155
1.256 1.47611
1.272 1.42705
1.288 1.56919
1.304 1.63619
1.32 1.49165
1.336 1.40984
1.352 1.50417
1.368 1.60427
1.384 1.52017
1.4 1.39576
1.416 1.4898
1.432 1.6378
1.448 1.58402
1.464 1.41695
1.48 1.45236
1.496 1.61735
1.512 1.57478
1.528 1.39139
1.544 1.40989
1.56 1.63935
1.576 1.62664
1.592 1.42403
1.608 1.43518
1.624 1.62519
1.64 1.61486
1.656 1.38927
1.672 1.39439
1.688 1.59959
1.704 1.62547
1.72 1.43945
1.736 1.42446
1.752 1.61787
1.768 1.62528
1.784 1.44338
1.8 1.3891
1.816 1.54432
1.832 1.60956
1.848 1.48128
1.864 1.41918
1.88 1.53712
1.896 1.64376
1.912 1.53472
1.928 1.40228
1.944 1.48294
1.96 1.61149
1.976 1.55099
1.992 1.38694
2.008 1.4563
2.024 1.64562
2.04 1.61211
2.056 1.41635
2.072 1.43057
2.088 1.63031
2.104 1.59268
2.12 1.38387
2.136 1.3957
2.152 1.62634
2.168 1.64004
2.184 1.41709
2.2 1.42286
2.216 1.63733
2.232 1.62572
2.248 1.39358
2.264 1.38474
2.28 1.58849
2.296 1.61659
2.312 1.46
2.328 1.41491
2.344 1.58949
2.36 1.64753
2.376 1.47228
2.392 1.38974
2.408 1.51623
2.424 1.61809
2.44 1.51089
2.456 1.40218
2.472 1.50212
2.488 1.65148
2.504 1.57187
2.52 1.39757
2.536 1.45553
2.552 1.62213
2.568 1.57595
2.584 1.37871
2.6 1.42269
2.616 1.64869
2.632 1.63094
2.648 1.40795
2.664 1.42164
2.68 1.63893
2.696 1.61295
2.712 1.37641
2.728 1.38472
2.744 1.62384
2.76 1.64123
2.776 1.42671
2.792 1.41114
2.808 1.62346
2.824 1.63933
2.84 1.43034
2.856 1.37544
2.872 1.55197
2.888 1.63306
2.904 1.48577
2.92 1.39907
2.936 1.5519
2.952 1.65925
2.968 1.51119
2.984 1.38086
3 1.49635
3.016 1.63189
3.032 1.5305
3.048 1.37909
3.064 1.48272
3.08 1.66684
3.096 1.57857
3.112 1.38553
3.128 1.46044
3.144 1.64751
3.16 1.56915
3.176 1.36925
3.192 1.34097
3.208 1.04823
3.224 1.0998
3.24 1.05878
3.256 0.96319
3.272 0.90177
3.288 0.93155
3.304 1.02487
3.32 1.09511
3.336 1.07705
3.352 0.98747
3.368 0.90952
3.384 0.91557
3.4 1
3.416 1.08443
3.432 1.09048
3.448 1.01253
3.464 0.92295
3.48 0.90489
3.496 0.97513
3.512 1.06845
3.528 1.09823
3.544 1.03681
3.56 0.94122
3.576 0.9002
3.592 0.95182
3.608 1.04818
3.624 1.0998
3.64 1.05878
3.656 0.96319
3.672 0.90177
3.688 0.93155
3.704 1.02487
3.72 1.09511
3.736 1.07705
3.752 0.98747
3.768 0.90952
3.784 0.91557
3.8 1
3.816 1.08443
3.832 1.09048
3.848 1.01253
3.864 0.92295
3.88 0.90489
3.896 0.97513
3.912 1.06845
3.928 1.09823
3.944 1.03681
3.96 0.94122
3.976 0.9002
3.992 0.95182
4.008 1.04818
4.024 1.0998
4.04 1.05878
4.056 0.96319
4.072 0.90177
4.088 0.93155
4.104 1.02487
4.12 1.09511
4.136 1.07705
4.152 0.98747
4.168 0.90952
4.184 0.91557
4.2 1
4.216 1.08443
4.232 1.09048
4.248 1.01253
4.264 0.92295
4.28 0.90489
4.296 0.97513
4.312 1.06845
4.328 1.09823
4.344 1.03681
4.36 0.94122
4.376 0.9002
4.392 0.95182
4.408 1.04818
4.424 1.0998
4.44 1.05878
4.456 0.96319
4.472 0.90177
4.488 0.93155
4.504 1.02487
4.52 1.09511
4.536 1.07705
4.552 0.98747
4.568 0.90952
4.584 0.91557
4.6 1
4.616 1.08443
4.632 1.09048
4.648 1.01253
4.664 0.92295
4.68 0.90489
4.696 0.97513
4.712 1.06845
4.728 1.09823
4.744 1.03681
4.76 0.94122
4.776 0.9002
4.792 0.95182
4.808 1.04818
4.824 1.0998
4.84 1.05878
4.856 0.96319
4.872 0.90177
4.888 0.93155
4.904 1.02487
4.92 1.09511
4.936 1.07705
4.952 0.98747
4.968 0.90952
4.984 0.91557
5 0.97513
