-5 1.52143
-4.984 1.5214
-4.968 1.52039
-4.952 1.51357
-4.936 1.49738
-4.92 1.49728
-4.904 1.49901
-4.888 1.51848
-4.872 1.52665
-4.856 1.5218
-4.84 1.52159
-4.824 1.52123
-4.808 1.51753
-4.792 1.50076
-4.776 1.49729
-4.76 1.49801
-4.744 1.50629
-4.728 1.52728
-4.712 1.52429
-4.696 1.52178
-4.68 1.52167
-4.664 1.51981
-4.648 1.50889
-4.632 1.49742
-4.616 1.4977
-4.6 1.50097
-4.584 1.52586
-4.568 1.52669
-4.552 1.52192
-4.536 1.5219
-4.52 1.52106
-4.504 1.51491
-4.488 1.49796
-4.472 1.49765
-4.456 1.49899
-4.44 1.51455
-4.424 1.52768
-4.408 1.5229
-4.392 1.52215
-4.376 1.52187
-4.36 1.51854
-4.344 1.50227
-4.328 1.49779
-4.312 1.49835
-4.296 1.50457
-4.28 1.52795
-4.264 1.5259
-4.248 1.52228
-4.232 1.52224
-4.216 1.52062
-4.2 1.51042
-4.184 1.49793
-4.168 1.49813
-4.152 1.50062
-4.136 1.52415
-4.12 1.5278
-4.104 1.52255
-4.088 1.52247
-4.072 1.5218
-4.056 1.51615
-4.04 1.4988
-4.024 1.49827
-4.008 1.49931
-3.992 1.51097
-3.976 1.52851
-3.96 1.52442
-3.944 1.52265
-3.928 1.52245
-3.912 1.51953
-3.896 1.50396
-3.88 1.49835
-3.864 1.4988
-3.848 1.50338
-3.832 1.52834
-3.816 1.52743
-3.8 1.52279
-3.784 1.52277
-3.768 1.52143
-3.752 1.5122
-3.736 1.49851
-3.72 1.49869
-3.704 1.50057
-3.688 1.52067
-3.672 1.52888
-3.656 1.52348
-3.64 1.52305
-3.624 1.52253
-3.608 1.51752
-3.592 1.49969
-3.576 1.4987
-3.56 1.49951
-3.544 1.50806
-3.528 1.52933
-3.512 1.5264
-3.496 1.5232
-3.48 1.52305
-3.464 1.52051
-3.448 1.50587
-3.432 1.49876
-3.416 1.49915
-3.4 1.5026
-3.384 1.52799
-3.368 1.52883
-3.352 1.52342
-3.336 1.52339
-3.32 1.52229
-3.304 1.51385
-3.288 1.49902
-3.272 1.49912
-3.256 1.50056
-3.24 1.5166
-3.224 1.52977
-3.208 1.52486
-3.192 1.52357
-3.176 1.52317
-3.16 1.51864
-3.144 1.50057
-3.128 1.49915
-3.112 1.49981
-3.096 1.50629
-3.08 1.52999
-3.064 1.52813
-3.048 1.52371
-3.032 1.52364
-3.016 1.52143
-3 1.50745
-2.984 1.49933
-2.968 1.49966
-2.952 1.50231
-2.936 1.52636
-2.92 1.52988
-2.904 1.52417
-2.888 1.52391
-2.872 1.52298
-2.856 1.51509
-2.84 1.49955
-2.824 1.49962
-2.808 1.50079
-2.792 1.51301
-2.776 1.53044
-2.76 1.52672
-2.744 1.52403
-2.728 1.52374
-2.712 1.51966
-2.696 1.50152
-2.68 1.49966
-2.664 1.50021
-2.648 1.50507
-2.632 1.53024
-2.616 1.52946
-2.6 1.52421
-2.584 1.52411
-2.568 1.52221
-2.552 1.50898
-2.536 1.49968
-2.52 1.49993
-2.504 1.50194
-2.488 1.52279
-2.472 1.53047
-2.456 1.52525
-2.44 1.5242
-2.424 1.52346
-2.408 1.51623
-2.392 1.49979
-2.376 1.49977
-2.36 1.50069
-2.344 1.50974
-2.328 1.53073
-2.312 1.52837
-2.296 1.5243
-2.28 1.52409
-2.264 1.52046
-2.248 1.50237
-2.232 1.49978
-2.216 1.50022
-2.2 1.50386
-2.184 1.52945
-2.168 1.53017
-2.152 1.52462
-2.136 1.52433
-2.12 1.52271
-2.104 1.51033
-2.088 1.49975
-2.072 1.49996
-2.056 1.50151
-2.04 1.51835
-2.024 1.53075
-2.008 1.52678
-1.992 1.52443
-1.976 1.52384
-1.96 1.51718
-1.944 1.50015
-1.928 1.50201
-1.912 1.51446
-1.896 1.52856
-1.88 1.55272
-1.864 1.54668
-1.848 1.5311
-1.832 1.52718
-1.816 1.52217
-1.8 1.50262
-1.784 1.49958
-1.768 1.50015
-1.752 1.50358
-1.736 1.52846
-1.72 1.53041
-1.704 1.52526
-1.688 1.52487
-1.672 1.5233
-1.656 1.51056
-1.64 1.49976
-1.624 1.50044
-1.608 1.50182
-1.592 1.51531
-1.576 1.53079
-1.56 1.52836
-1.544 1.52515
-1.528 1.52408
-1.512 1.51738
-1.496 1.5004
-1.48 1.50043
-1.464 1.50068
-1.448 1.50599
-1.432 1.53089
-1.416 1.53036
-1.4 1.5251
-1.384 1.52433
-1.368 1.52141
-1.352 1.50391
-1.336 1.50013
-1.32 1.5
-1.304 1.50245
-1.288 1.5256
-1.272 1.53104
-1.256 1.52634
-1.24 1.52469
-1.224 1.52402
-1.208 1.5125
-1.192 1.49971
-1.176 1.49992
-1.16 1.50175
-1.144 1.51226
-1.128 1.53069
-1.112 1.52873
-1.096 1.52569
-1.08 1.52518
-1.064 1.51824
-1.048 1.50002
-1.032 1.50053
-1.016 1.50131
-1 1.50466
-0.984 1.52973
-0.968 1.53058
-0.952 1.52661
-0.936 1.52505
-0.92 1.5215
-0.904 1.50485
-0.888 1.50083
-0.872 1.50061
-0.856 1.50147
-0.84 1.521
-0.824 1.53165
-0.808 1.5284
-0.792 1.52475
-0.776 1.52361
-0.76 1.51418
-0.744 1.50076
-0.728 1.49955
-0.712 1.50039
-0.696 1.50986
-0.68 1.53177
-0.664 1.52896
-0.648 1.52507
-0.632 1.52585
-0.616 1.52018
-0.6 1.50019
-0.584 1.49932
-0.568 1.50132
-0.552 1.50489
-0.536 1.52861
-0.52 1.52953
-0.504 1.52751
-0.488 1.52685
-0.472 1.52237
-0.456 1.50515
-0.44 1.50047
-0.424 1.50178
-0.408 1.50198
-0.392 1.51605
-0.376 1.53051
-0.36 1.5301
-0.344 1.52665
-0.328 1.52317
-0.312 1.51386
-0.296 1.50176
-0.28 1.50139
-0.264 1.49954
-0.248 1.50587
-0.232 1.53221
-0.216 1.53132
-0.2 1.52525
-0.184 1.52415
-0.168 1.52143
-0.152 1.50329
-0.136 1.49903
-0.12 1.49896
-0.104 1.50433
-0.088 1.52877
-0.072 1.52947
-0.056 1.52594
-0.04 1.52738
-0.024 1.52521
-0.008 1.50742
0.008 1.4983
0.024 1.50104
0.04 1.50374
0.056 1.51359
0.072 1.5284
0.088 1.52893
0.104 1.52929
0.12 1.52566
0.136 1.51315
0.152 1.49956
0.168 1.50313
0.184 1.5025
0.2 1.50292
0.216 1.5284
0.232 1.5329
0.248 1.52984
0.264 1.52344
0.28 1.51789
0.296 1.50603
0.312 1.50334
0.328 1.49796
0.344 1.49926
0.36 1.52618
0.376 1.53395
0.392 1.52606
0.408 1.52344
0.424 1.52578
0.44 1.51397
0.456 1.49858
0.472 1.49661
0.488 1.50244
0.504 1.51478
0.52 1.53005
0.536 1.52525
0.552 1.52779
0.568 1.53004
0.584 1.51666
0.6 1.4967
0.616 1.49912
0.632 1.50562
0.648 1.50698
0.664 1.52472
0.68 1.52702
0.696 1.53332
0.712 1.53051
0.728 1.51522
0.744 1.50144
0.76 1.5058
0.776 1.50567
0.792 1.49688
0.808 1.51435
0.824 1.53544
0.84 1.53492
0.856 1.52267
0.872 1.51737
0.888 1.51616
0.904 1.50764
0.92 1.4966
0.936 1.49394
0.952 1.51142
0.968 1.53801
0.984 1.5274
1 1.52045
1.016 1.52755
1.032 1.5245
1.048 1.50319
1.064 1.49205
1.08 1.49901
1.096 1.51239
1.112 1.53182
1.128 1.52092
1.144 1.52411
1.16 1.53689
1.176 1.5263
1.192 1.49794
1.208 1.49344
1.224 1.51046
1.24 1.51054
1.256 1.50663
1.272 1.52037
1.288 1.53906
1.304 1.53884
1.32 1.51416
1.336 1.5008
1.352 1.5116
1.368 1.51286
1.384 1.49285
1.4 1.49377
1.416 1.53704
1.432 1.54339
1.448 1.5227
1.464 1.51211
1.48 1.52152
1.496 1.5204
1.512 1.49842
1.528 1.48507
1.544 1.50154
1.56 1.5421
1.576 1.53402
1.592 1.51235
1.608 1.52199
1.624 1.53853
1.64 1.51746
1.656 1.48319
1.672 1.48854
1.688 1.51975
1.704 1.52829
1.72 1.51152
1.736 1.51266
1.752 1.54769
1.768 1.54261
1.784 1.4938
1.8 1.48375
1.816 1.5186
1.832 1.52306
1.848 1.48941
1.864 1.50569
1.88 1.54498
1.896 1.55396
1.912 1.51243
1.928 1.49133
1.944 1.51886
1.96 1.52788
1.976 1.49391
1.992 1.47433
2.008 1.52331
2.024 1.55969
2.04 1.53178
2.056 1.49727
2.072 1.51555
2.088 1.5425
2.104 1.51386
2.12 1.46731
2.136 1.48215
2.152 1.54457
2.168 1.55453
2.184 1.49476
2.2 1.50126
2.216 1.56078
2.232 1.54488
2.248 1.46921
2.264 1.46473
2.28 1.5355
2.296 1.54539
2.312 1.4944
2.328 1.48717
2.344 1.56168
2.36 1.57169
2.376 1.48707
2.392 1.46186
2.408 1.5262
2.424 1.55053
2.44 1.48575
2.456 1.46629
2.472 1.54011
2.488 1.58399
2.504 1.52332
2.52 1.46504
2.536 1.50925
2.552 1.56111
2.568 1.51638
2.584 1.44073
2.6 1.48264
2.616 1.58964
2.632 1.56742
2.648 1.4641
2.664 1.48107
2.68 1.58246
2.696 1.55876
2.712 1.43316
2.728 1.43802
2.744 1.57336
2.76 1.59238
2.776 1.4643
2.792 1.45445
2.808 1.59291
2.824 1.59823
2.84 1.44742
2.856 1.4157
2.872 1.5536
2.888 1.59551
2.904 1.47515
2.92 1.43142
2.936 1.56407
2.952 1.62802
2.968 1.49652
2.984 1.40932
3 1.51174
3.016 1.60852
3.032 1.52001
3.048 1.40052
3.064 1.48393
3.08 1.64622
3.096 1.58254
3.112 1.40245
3.128 1.4536
3.144 1.63444
3.16 1.57493
3.176 1.37418
3.192 1.30633
3.208 1.05469
3.224 1.09985
3.24 1.05878
3.256 0.96319
3.272 0.90177
3.288 0.93155
3.304 1.02487
3.32 1.09511
3.336 1.07705
3.352 0.98747
3.368 0.90952
3.384 0.91557
3.4 1
3.416 1.08443
3.432 1.09048
3.448 1.01253
3.464 0.92295
3.48 0.90489
3.496 0.97513
3.512 1.06845
3.528 1.09823
3.544 1.03681
3.56 0.94122
3.576 0.9002
3.592 0.95182
3.608 1.04818
3.624 1.0998
3.64 1.05878
3.656 0.96319
3.672 0.90177
3.688 0.93155
3.704 1.02487
3.72 1.09511
3.736 1.07705
3.752 0.98747
3.768 0.90952
3.784 0.91557
3.8 1
3.816 1.08443
3.832 1.09048
3.848 1.01253
3.864 0.92295
3.88 0.90489
3.896 0.97513
3.912 1.06845
3.928 1.09823
3.944 1.03681
3.96 0.94122
3.976 0.9002
3.992 0.95182
4.008 1.04818
4.024 1.0998
4.04 1.05878
4.056 0.96319
4.072 0.90177
4.088 0.93155
4.104 1.02487
4.12 1.09511
4.136 1.07705
4.152 0.98747
4.168 0.90952
4.184 0.91557
4.2 1
4.216 1.08443
4.232 1.09048
4.248 1.01253
4.264 0.92295
4.28 0.90489
4.296 0.97513
4.312 1.06845
4.328 1.09823
4.344 1.03681
4.36 0.94122
4.376 0.9002
4.392 0.95182
4.408 1.04818
4.424 1.0998
4.44 1.05878
4.456 0.96319
4.472 0.90177
4.488 0.93155
4.504 1.02487
4.52 1.09511
4.536 1.07705
4.552 0.98747
4.568 0.90952
4.584 0.91557
4.6 1
4.616 1.08443
4.632 1.09048
4.648 1.01253
4.664 0.92295
4.68 0.90489
4.696 0.97513
4.712 1.06845
4.728 1.09823
4.744 1.03681
4.76 0.94122
4.776 0.9002
4.792 0.95182
4.808 1.04818
4.824 1.0998
4.84 1.05878
4.856 0.96319
4.872 0.90177
4.888 0.93155
4.904 1.02487
4.92 1.09511
4.936 1.07705
4.952 0.98747
4.968 0.90952
4.984 0.91557
5 0.97513
