0.000000 5.999240
0.000250 5.999240
0.000500 5.999240
0.000750 5.999240
0.001000 5.999240
0.001250 5.999240
0.001500 5.999240
0.001750 5.999240
0.002000 5.999240
0.002250 5.999240
0.002500 5.999240
0.002750 5.999240
0.003000 5.999240
0.003250 5.999240
0.003500 5.999240
0.003750 5.999240
0.004000 5.999240
0.004250 5.999240
0.004500 5.999240
0.004750 5.999240
0.005000 5.999240
0.005250 5.999240
0.005500 5.999240
0.005750 5.999240
0.006000 5.999240
0.006250 5.999240
0.006500 5.999240
0.006750 5.999240
0.007000 5.999240
0.007250 5.999240
0.007500 5.999240
0.007750 5.999240
0.008000 5.999240
0.008250 5.999240
0.008500 5.999240
0.008750 5.999240
0.009000 5.999240
0.009250 5.999240
0.009500 5.999240
0.009750 5.999240
0.010000 5.999240
0.010250 5.999240
0.010500 5.999240
0.010750 5.999240
0.011000 5.999240
0.011250 5.999240
0.011500 5.999240
0.011750 5.999240
0.012000 5.999240
0.012250 5.999240
0.012500 5.999240
0.012750 5.999240
0.013000 5.999240
0.013250 5.999240
0.013500 5.999240
0.013750 5.999240
0.014000 5.999240
0.014250 5.999240
0.014500 5.999240
0.014750 5.999240
0.015000 5.999240
0.015250 5.999240
0.015500 5.999240
0.015750 5.999240
0.016000 5.999240
0.016250 5.999240
0.016500 5.999240
0.016750 5.999240
0.017000 5.999240
0.017250 5.999240
0.017500 5.999240
0.017750 5.999240
0.018000 5.999240
0.018250 5.999240
0.018500 5.999240
0.018750 5.999240
0.019000 5.999240
0.019250 5.999240
0.019500 5.999240
0.019750 5.999240
0.020000 5.999240
0.020250 5.999240
0.020500 5.999240
0.020750 5.999240
0.021000 5.999240
0.021250 5.999240
0.021500 5.999240
0.021750 5.999240
0.022000 5.999240
0.022250 5.999240
0.022500 5.999240
0.022750 5.999240
0.023000 5.999240
0.023250 5.999240
0.023500 5.999240
0.023750 5.999240
0.024000 5.999240
0.024250 5.999240
0.024500 5.999240
0.024750 5.999240
0.025000 5.999240
0.025250 5.999240
0.025500 5.999240
0.025750 5.999240
0.026000 5.999240
0.026250 5.999240
0.026500 5.999240
0.026750 5.999240
0.027000 5.999240
0.027250 5.999240
0.027500 5.999240
0.027750 5.999240
0.028000 5.999240
0.028250 5.999240
0.028500 5.999240
0.028750 5.999240
0.029000 5.999240
0.029250 5.999240
0.029500 5.999240
0.029750 5.999240
0.030000 5.999240
0.030250 5.999240
0.030500 5.999240
0.030750 5.999240
0.031000 5.999240
0.031250 5.999240
0.031500 5.999240
0.031750 5.999240
0.032000 5.999240
0.032250 5.999240
0.032500 5.999240
0.032750 5.999240
0.033000 5.999240
0.033250 5.999240
0.033500 5.999240
0.033750 5.999240
0.034000 5.999240
0.034250 5.999240
0.034500 5.999240
0.034750 5.999240
0.035000 5.999240
0.035250 5.999240
0.035500 5.999240
0.035750 5.999240
0.036000 5.999240
0.036250 5.999240
0.036500 5.999240
0.036750 5.999240
0.037000 5.999240
0.037250 5.999240
0.037500 5.999240
0.037750 5.999240
0.038000 5.999240
0.038250 5.999240
0.038500 5.999240
0.038750 5.999240
0.039000 5.999240
0.039250 5.999240
0.039500 5.999240
0.039750 5.999240
0.040000 5.999240
0.040250 5.999240
0.040500 5.999240
0.040750 5.999240
0.041000 5.999240
0.041250 5.999240
0.041500 5.999240
0.041750 5.999240
0.042000 5.999240
0.042250 5.999240
0.042500 5.999240
0.042750 5.999240
0.043000 5.999240
0.043250 5.999240
0.043500 5.999240
0.043750 5.999240
0.044000 5.999240
0.044250 5.999240
0.044500 5.999240
0.044750 5.999240
0.045000 5.999240
0.045250 5.999240
0.045500 5.999240
0.045750 5.999240
0.046000 5.999240
0.046250 5.999240
0.046500 5.999240
0.046750 5.999240
0.047000 5.999240
0.047250 5.999240
0.047500 5.999240
0.047750 5.999240
0.048000 5.999240
0.048250 5.999240
0.048500 5.999240
0.048750 5.999240
0.049000 5.999240
0.049250 5.999240
0.049500 5.999240
0.049750 5.999240
0.050000 5.999240
0.050250 5.999240
0.050500 5.999240
0.050750 5.999240
0.051000 5.999240
0.051250 5.999240
0.051500 5.999240
0.051750 5.999240
0.052000 5.999240
0.052250 5.999240
0.052500 5.999240
0.052750 5.999240
0.053000 5.999240
0.053250 5.999240
0.053500 5.999240
0.053750 5.999240
0.054000 5.999240
0.054250 5.999240
0.054500 5.999240
0.054750 5.999240
0.055000 5.999240
0.055250 5.999240
0.055500 5.999240
0.055750 5.999240
0.056000 5.999240
0.056250 5.999240
0.056500 5.999240
0.056750 5.999240
0.057000 5.999240
0.057250 5.999240
0.057500 5.999240
0.057750 5.999240
0.058000 5.999240
0.058250 5.999240
0.058500 5.999240
0.058750 5.999240
0.059000 5.999240
0.059250 5.999240
0.059500 5.999240
0.059750 5.999240
0.060000 5.999240
0.060250 5.999240
0.060500 5.999240
0.060750 5.999240
0.061000 5.999240
0.061250 5.999240
0.061500 5.999240
0.061750 5.999240
0.062000 5.999240
0.062250 5.999240
0.062500 5.999240
0.062750 5.999240
0.063000 5.999240
0.063250 5.999240
0.063500 5.999240
0.063750 5.999240
0.064000 5.999240
0.064250 5.999240
0.064500 5.999240
0.064750 5.999240
0.065000 5.999240
0.065250 5.999240
0.065500 5.999240
0.065750 5.999240
0.066000 5.999240
0.066250 5.999240
0.066500 5.999240
0.066750 5.999240
0.067000 5.999240
0.067250 5.999240
0.067500 5.999240
0.067750 5.999240
0.068000 5.999240
0.068250 5.999240
0.068500 5.999240
0.068750 5.999240
0.069000 5.999240
0.069250 5.999240
0.069500 5.999240
0.069750 5.999240
0.070000 5.999240
0.070250 5.999240
0.070500 5.999240
0.070750 5.999240
0.071000 5.999240
0.071250 5.999240
0.071500 5.999240
0.071750 5.999240
0.072000 5.999240
0.072250 5.999240
0.072500 5.999240
0.072750 5.999240
0.073000 5.999240
0.073250 5.999240
0.073500 5.999240
0.073750 5.999240
0.074000 5.999240
0.074250 5.999240
0.074500 5.999240
0.074750 5.999240
0.075000 5.999240
0.075250 5.999240
0.075500 5.999240
0.075750 5.999240
0.076000 5.999240
0.076250 5.999240
0.076500 5.999240
0.076750 5.999240
0.077000 5.999240
0.077250 5.999240
0.077500 5.999240
0.077750 5.999240
0.078000 5.999240
0.078250 5.999240
0.078500 5.999240
0.078750 5.999240
0.079000 5.999240
0.079250 5.999240
0.079500 5.999240
0.079750 5.999240
0.080000 5.999240
0.080250 5.999240
0.080500 5.999240
0.080750 5.999240
0.081000 5.999240
0.081250 5.999240
0.081500 5.999240
0.081750 5.999240
0.082000 5.999240
0.082250 5.999240
0.082500 5.999240
0.082750 5.999240
0.083000 5.999240
0.083250 5.999240
0.083500 5.999240
0.083750 5.999240
0.084000 5.999240
0.084250 5.999240
0.084500 5.999240
0.084750 5.999240
0.085000 5.999240
0.085250 5.999240
0.085500 5.999240
0.085750 5.999240
0.086000 5.999240
0.086250 5.999240
0.086500 5.999240
0.086750 5.999240
0.087000 5.999240
0.087250 5.999240
0.087500 5.999240
0.087750 5.999240
0.088000 5.999240
0.088250 5.999240
0.088500 5.999240
0.088750 5.999240
0.089000 5.999240
0.089250 5.999240
0.089500 5.999240
0.089750 5.999240
0.090000 5.999240
0.090250 5.999240
0.090500 5.999240
0.090750 5.999240
0.091000 5.999240
0.091250 5.999240
0.091500 5.999240
0.091750 5.999240
0.092000 5.999240
0.092250 5.999240
0.092500 5.999240
0.092750 5.999240
0.093000 5.999240
0.093250 5.999240
0.093500 5.999240
0.093750 5.999240
0.094000 5.999240
0.094250 5.999240
0.094500 5.999240
0.094750 5.999240
0.095000 5.999240
0.095250 5.999240
0.095500 5.999240
0.095750 5.999240
0.096000 5.999240
0.096250 5.999240
0.096500 5.999240
0.096750 5.999240
0.097000 5.999240
0.097250 5.999240
0.097500 5.999240
0.097750 5.999240
0.098000 5.999240
0.098250 5.999240
0.098500 5.999240
0.098750 5.999240
0.099000 5.999240
0.099250 5.999240
0.099500 5.999240
0.099750 5.999240
0.100000 5.999240
0.100250 5.999240
0.100500 5.999240
0.100750 5.999240
0.101000 5.999240
0.101250 5.999240
0.101500 5.999240
0.101750 5.999240
0.102000 5.999240
0.102250 5.999240
0.102500 5.999240
0.102750 5.999240
0.103000 5.999240
0.103250 5.999240
0.103500 5.999240
0.103750 5.999240
0.104000 5.999240
0.104250 5.999240
0.104500 5.999240
0.104750 5.999240
0.105000 5.999240
0.105250 5.999240
0.105500 5.999240
0.105750 5.999240
0.106000 5.999240
0.106250 5.999240
0.106500 5.999240
0.106750 5.999240
0.107000 5.999240
0.107250 5.999240
0.107500 5.999240
0.107750 5.999240
0.108000 5.999240
0.108250 5.999240
0.108500 5.999240
0.108750 5.999240
0.109000 5.999240
0.109250 5.999240
0.109500 5.999240
0.109750 5.999240
0.110000 5.999240
0.110250 5.999240
0.110500 5.999240
0.110750 5.999240
0.111000 5.999240
0.111250 5.999240
0.111500 5.999240
0.111750 5.999240
0.112000 5.999240
0.112250 5.999240
0.112500 5.999240
0.112750 5.999240
0.113000 5.999240
0.113250 5.999240
0.113500 5.999240
0.113750 5.999240
0.114000 5.999240
0.114250 5.999240
0.114500 5.999240
0.114750 5.999240
0.115000 5.999240
0.115250 5.999240
0.115500 5.999240
0.115750 5.999240
0.116000 5.999240
0.116250 5.999240
0.116500 5.999240
0.116750 5.999240
0.117000 5.999240
0.117250 5.999240
0.117500 5.999240
0.117750 5.999240
0.118000 5.999240
0.118250 5.999240
0.118500 5.999240
0.118750 5.999240
0.119000 5.999240
0.119250 5.999240
0.119500 5.999240
0.119750 5.999240
0.120000 5.999240
0.120250 5.999240
0.120500 5.999240
0.120750 5.999240
0.121000 5.999240
0.121250 5.999240
0.121500 5.999240
0.121750 5.999240
0.122000 5.999240
0.122250 5.999240
0.122500 5.999240
0.122750 5.999240
0.123000 5.999240
0.123250 5.999240
0.123500 5.999240
0.123750 5.999240
0.124000 5.999240
0.124250 5.999240
0.124500 5.999240
0.124750 5.999240
0.125000 5.999240
0.125250 5.999240
0.125500 5.999240
0.125750 5.999240
0.126000 5.999240
0.126250 5.999240
0.126500 5.999240
0.126750 5.999240
0.127000 5.999240
0.127250 5.999240
0.127500 5.999240
0.127750 5.999240
0.128000 5.999240
0.128250 5.999240
0.128500 5.999240
0.128750 5.999240
0.129000 5.999240
0.129250 5.999240
0.129500 5.999240
0.129750 5.999240
0.130000 5.999240
0.130250 5.999240
0.130500 5.999240
0.130750 5.999240
0.131000 5.999240
0.131250 5.999240
0.131500 5.999240
0.131750 5.999240
0.132000 5.999240
0.132250 5.999240
0.132500 5.999240
0.132750 5.999240
0.133000 5.999240
0.133250 5.999240
0.133500 5.999240
0.133750 5.999240
0.134000 5.999240
0.134250 5.999240
0.134500 5.999240
0.134750 5.999240
0.135000 5.999240
0.135250 5.999240
0.135500 5.999240
0.135750 5.999240
0.136000 5.999240
0.136250 5.999240
0.136500 5.999240
0.136750 5.999240
0.137000 5.999240
0.137250 5.999240
0.137500 5.999240
0.137750 5.999240
0.138000 5.999240
0.138250 5.999240
0.138500 5.999240
0.138750 5.999240
0.139000 5.999240
0.139250 5.999240
0.139500 5.999240
0.139750 5.999240
0.140000 5.999240
0.140250 5.999240
0.140500 5.999240
0.140750 5.999240
0.141000 5.999240
0.141250 5.999240
0.141500 5.999240
0.141750 5.999240
0.142000 5.999240
0.142250 5.999240
0.142500 5.999240
0.142750 5.999240
0.143000 5.999240
0.143250 5.999240
0.143500 5.999240
0.143750 5.999240
0.144000 5.999240
0.144250 5.999240
0.144500 5.999240
0.144750 5.999240
0.145000 5.999240
0.145250 5.999240
0.145500 5.999240
0.145750 5.999240
0.146000 5.999240
0.146250 5.999240
0.146500 5.999240
0.146750 5.999240
0.147000 5.999240
0.147250 5.999240
0.147500 5.999240
0.147750 5.999240
0.148000 5.999240
0.148250 5.999240
0.148500 5.999240
0.148750 5.999240
0.149000 5.999240
0.149250 5.999240
0.149500 5.999240
0.149750 5.999240
0.150000 5.999240
0.150250 5.999240
0.150500 5.999240
0.150750 5.999240
0.151000 5.999240
0.151250 5.999240
0.151500 5.999240
0.151750 5.999240
0.152000 5.999240
0.152250 5.999240
0.152500 5.999240
0.152750 5.999240
0.153000 5.999240
0.153250 5.999240
0.153500 5.999240
0.153750 5.999240
0.154000 5.999240
0.154250 5.999240
0.154500 5.999240
0.154750 5.999240
0.155000 5.999240
0.155250 5.999240
0.155500 5.999240
0.155750 5.999240
0.156000 5.999240
0.156250 5.999240
0.156500 5.999240
0.156750 5.999240
0.157000 5.999240
0.157250 5.999240
0.157500 5.999240
0.157750 5.999240
0.158000 5.999240
0.158250 5.999240
0.158500 5.999240
0.158750 5.999240
0.159000 5.999240
0.159250 5.999240
0.159500 5.999240
0.159750 5.999240
0.160000 5.999240
0.160250 5.999240
0.160500 5.999240
0.160750 5.999240
0.161000 5.999240
0.161250 5.999240
0.161500 5.999240
0.161750 5.999240
0.162000 5.999240
0.162250 5.999240
0.162500 5.999240
0.162750 5.999240
0.163000 5.999240
0.163250 5.999240
0.163500 5.999240
0.163750 5.999240
0.164000 5.999240
0.164250 5.999240
0.164500 5.999240
0.164750 5.999240
0.165000 5.999240
0.165250 5.999240
0.165500 5.999240
0.165750 5.999240
0.166000 5.999240
0.166250 5.999240
0.166500 5.999240
0.166750 5.999240
0.167000 5.999240
0.167250 5.999240
0.167500 5.999240
0.167750 5.999240
0.168000 5.999240
0.168250 5.999240
0.168500 5.999240
0.168750 5.999240
0.169000 5.999240
0.169250 5.999240
0.169500 5.999240
0.169750 5.999240
0.170000 5.999240
0.170250 5.999240
0.170500 5.999240
0.170750 5.999240
0.171000 5.999240
0.171250 5.999240
0.171500 5.999240
0.171750 5.999240
0.172000 5.999240
0.172250 5.999240
0.172500 5.999240
0.172750 5.999240
0.173000 5.999240
0.173250 5.999240
0.173500 5.999240
0.173750 5.999240
0.174000 5.999240
0.174250 5.999240
0.174500 5.999240
0.174750 5.999240
0.175000 5.999240
0.175250 5.999240
0.175500 5.999240
0.175750 5.999240
0.176000 5.999240
0.176250 5.999240
0.176500 5.999240
0.176750 5.999240
0.177000 5.999240
0.177250 5.999240
0.177500 5.999240
0.177750 5.999240
0.178000 5.999240
0.178250 5.999240
0.178500 5.999240
0.178750 5.999240
0.179000 5.999240
0.179250 5.999240
0.179500 5.999240
0.179750 5.999240
0.180000 5.999240
0.180250 5.999240
0.180500 5.999240
0.180750 5.999240
0.181000 5.999240
0.181250 5.999240
0.181500 5.999240
0.181750 5.999240
0.182000 5.999240
0.182250 5.999240
0.182500 5.999240
0.182750 5.999240
0.183000 5.999240
0.183250 5.999240
0.183500 5.999240
0.183750 5.999240
0.184000 5.999240
0.184250 5.999240
0.184500 5.999240
0.184750 5.999240
0.185000 5.999240
0.185250 5.999240
0.185500 5.999240
0.185750 5.999240
0.186000 5.999240
0.186250 5.999240
0.186500 5.999240
0.186750 5.999240
0.187000 5.999240
0.187250 5.999240
0.187500 5.999240
0.187750 5.999240
0.188000 5.999240
0.188250 5.999240
0.188500 5.999240
0.188750 5.999240
0.189000 5.999240
0.189250 5.999240
0.189500 5.999240
0.189750 5.999240
0.190000 5.999240
0.190250 5.999240
0.190500 5.999240
0.190750 5.999240
0.191000 5.999240
0.191250 5.999240
0.191500 5.999240
0.191750 5.999240
0.192000 5.999240
0.192250 5.999240
0.192500 5.999240
0.192750 5.999240
0.193000 5.999240
0.193250 5.999240
0.193500 5.999240
0.193750 5.999240
0.194000 5.999240
0.194250 5.999240
0.194500 5.999240
0.194750 5.999240
0.195000 5.999240
0.195250 5.999240
0.195500 5.999240
0.195750 5.999240
0.196000 5.999240
0.196250 5.999240
0.196500 5.999240
0.196750 5.999240
0.197000 5.999240
0.197250 5.999240
0.197500 5.999240
0.197750 5.999240
0.198000 5.999240
0.198250 5.999240
0.198500 5.999240
0.198750 5.999240
0.199000 5.999240
0.199250 5.999240
0.199500 5.999240
0.199750 5.999240
0.200000 5.999240
0.200250 5.999240
0.200500 5.999240
0.200750 5.999240
0.201000 5.999240
0.201250 5.999240
0.201500 5.999240
0.201750 5.999240
0.202000 5.999240
0.202250 5.999240
0.202500 5.999240
0.202750 5.999240
0.203000 5.999240
0.203250 5.999240
0.203500 5.999240
0.203750 5.999240
0.204000 5.999240
0.204250 5.999240
0.204500 5.999240
0.204750 5.999240
0.205000 5.999240
0.205250 5.999240
0.205500 5.999240
0.205750 5.999240
0.206000 5.999240
0.206250 5.999240
0.206500 5.999240
0.206750 5.999240
0.207000 5.999240
0.207250 5.999240
0.207500 5.999240
0.207750 5.999240
0.208000 5.999240
0.208250 5.999240
0.208500 5.999240
0.208750 5.999240
0.209000 5.999240
0.209250 5.999240
0.209500 5.999240
0.209750 5.999240
0.210000 5.999240
0.210250 5.999240
0.210500 5.999240
0.210750 5.999240
0.211000 5.999240
0.211250 5.999240
0.211500 5.999240
0.211750 5.999240
0.212000 5.999240
0.212250 5.999240
0.212500 5.999240
0.212750 5.999240
0.213000 5.999240
0.213250 5.999240
0.213500 5.999240
0.213750 5.999240
0.214000 5.999240
0.214250 5.999240
0.214500 5.999240
0.214750 5.999240
0.215000 5.999240
0.215250 5.999240
0.215500 5.999240
0.215750 5.999240
0.216000 5.999240
0.216250 5.999240
0.216500 5.999240
0.216750 5.999240
0.217000 5.999240
0.217250 5.999240
0.217500 5.999240
0.217750 5.999240
0.218000 5.999240
0.218250 5.999240
0.218500 5.999240
0.218750 5.999240
0.219000 5.999240
0.219250 5.999240
0.219500 5.999240
0.219750 5.999240
0.220000 5.999240
0.220250 5.999240
0.220500 5.999240
0.220750 5.999240
0.221000 5.999240
0.221250 5.999240
0.221500 5.999240
0.221750 5.999240
0.222000 5.999240
0.222250 5.999240
0.222500 5.999240
0.222750 5.999240
0.223000 5.999240
0.223250 5.999240
0.223500 5.999240
0.223750 5.999240
0.224000 5.999240
0.224250 5.999240
0.224500 5.999240
0.224750 5.999240
0.225000 5.999240
0.225250 5.999240
0.225500 5.999240
0.225750 5.999240
0.226000 5.999240
0.226250 5.999240
0.226500 5.999240
0.226750 5.999240
0.227000 5.999240
0.227250 5.999240
0.227500 5.999240
0.227750 5.999240
0.228000 5.999240
0.228250 5.999240
0.228500 5.999240
0.228750 5.999240
0.229000 5.999240
0.229250 5.999240
0.229500 5.999240
0.229750 5.999240
0.230000 5.999240
0.230250 5.999240
0.230500 5.999240
0.230750 5.999240
0.231000 5.999240
0.231250 5.999240
0.231500 5.999240
0.231750 5.999240
0.232000 5.999240
0.232250 5.999240
0.232500 5.999240
0.232750 5.999240
0.233000 5.999240
0.233250 5.999240
0.233500 5.999240
0.233750 5.999240
0.234000 5.999240
0.234250 5.999240
0.234500 5.999240
0.234750 5.999240
0.235000 5.999240
0.235250 5.999240
0.235500 5.999240
0.235750 5.999240
0.236000 5.999240
0.236250 5.999240
0.236500 5.999240
0.236750 5.999240
0.237000 5.999240
0.237250 5.999240
0.237500 5.999240
0.237750 5.999240
0.238000 5.999240
0.238250 5.999240
0.238500 5.999240
0.238750 5.999240
0.239000 5.999240
0.239250 5.999240
0.239500 5.999240
0.239750 5.999240
0.240000 5.999240
0.240250 5.999240
0.240500 5.999240
0.240750 5.999240
0.241000 5.999240
0.241250 5.999240
0.241500 5.999240
0.241750 5.999240
0.242000 5.999240
0.242250 5.999240
0.242500 5.999240
0.242750 5.999240
0.243000 5.999240
0.243250 5.999240
0.243500 5.999240
0.243750 5.999240
0.244000 5.999240
0.244250 5.999240
0.244500 5.999240
0.244750 5.999240
0.245000 5.999240
0.245250 5.999240
0.245500 5.999240
0.245750 5.999240
0.246000 5.999240
0.246250 5.999240
0.246500 5.999240
0.246750 5.999240
0.247000 5.999240
0.247250 5.999240
0.247500 5.999240
0.247750 5.999240
0.248000 5.999240
0.248250 5.999240
0.248500 5.999240
0.248750 5.999240
0.249000 5.999240
0.249250 5.999240
0.249500 5.999240
0.249750 5.999240
0.250000 5.999240
0.250250 5.999240
0.250500 5.999240
0.250750 5.999240
0.251000 5.999240
0.251250 5.999240
0.251500 5.999240
0.251750 5.999240
0.252000 5.999240
0.252250 5.999240
0.252500 5.999240
0.252750 5.999240
0.253000 5.999240
0.253250 5.999240
0.253500 5.999240
0.253750 5.999240
0.254000 5.999240
0.254250 5.999240
0.254500 5.999240
0.254750 5.999240
0.255000 5.999240
0.255250 5.999240
0.255500 5.999240
0.255750 5.999240
0.256000 5.999240
0.256250 5.999240
0.256500 5.999240
0.256750 5.999240
0.257000 5.999240
0.257250 5.999240
0.257500 5.999240
0.257750 5.999240
0.258000 5.999240
0.258250 5.999240
0.258500 5.999240
0.258750 5.999240
0.259000 5.999240
0.259250 5.999240
0.259500 5.999240
0.259750 5.999240
0.260000 5.999240
0.260250 5.999240
0.260500 5.999240
0.260750 5.999240
0.261000 5.999240
0.261250 5.999240
0.261500 5.999240
0.261750 5.999240
0.262000 5.999240
0.262250 5.999240
0.262500 5.999240
0.262750 5.999240
0.263000 5.999240
0.263250 5.999240
0.263500 5.999240
0.263750 5.999240
0.264000 5.999240
0.264250 5.999240
0.264500 5.999240
0.264750 5.999240
0.265000 5.999240
0.265250 5.999240
0.265500 5.999240
0.265750 5.999240
0.266000 5.999240
0.266250 5.999240
0.266500 5.999240
0.266750 5.999240
0.267000 5.999240
0.267250 5.999240
0.267500 5.999240
0.267750 5.999240
0.268000 5.999240
0.268250 5.999240
0.268500 5.999240
0.268750 5.999240
0.269000 5.999240
0.269250 5.999240
0.269500 5.999240
0.269750 5.999240
0.270000 5.999240
0.270250 5.999240
0.270500 5.999240
0.270750 5.999240
0.271000 5.999240
0.271250 5.999240
0.271500 5.999240
0.271750 5.999240
0.272000 5.999240
0.272250 5.999240
0.272500 5.999240
0.272750 5.999240
0.273000 5.999240
0.273250 5.999240
0.273500 5.999240
0.273750 5.999240
0.274000 5.999240
0.274250 5.999240
0.274500 5.999240
0.274750 5.999240
0.275000 5.999240
0.275250 5.999240
0.275500 5.999240
0.275750 5.999240
0.276000 5.999240
0.276250 5.999240
0.276500 5.999240
0.276750 5.999240
0.277000 5.999240
0.277250 5.999240
0.277500 5.999240
0.277750 5.999240
0.278000 5.999240
0.278250 5.999240
0.278500 5.999240
0.278750 5.999240
0.279000 5.999240
0.279250 5.999240
0.279500 5.999240
0.279750 5.999240
0.280000 5.999240
0.280250 5.999240
0.280500 5.999240
0.280750 5.999240
0.281000 5.999240
0.281250 5.999240
0.281500 5.999240
0.281750 5.999240
0.282000 5.999240
0.282250 5.999240
0.282500 5.999240
0.282750 5.999240
0.283000 5.999240
0.283250 5.999240
0.283500 5.999240
0.283750 5.999240
0.284000 5.999240
0.284250 5.999240
0.284500 5.999240
0.284750 5.999240
0.285000 5.999240
0.285250 5.999240
0.285500 5.999240
0.285750 5.999240
0.286000 5.999240
0.286250 5.999240
0.286500 5.999240
0.286750 5.999240
0.287000 5.999240
0.287250 5.999240
0.287500 5.999240
0.287750 5.999240
0.288000 5.999240
0.288250 5.999240
0.288500 5.999240
0.288750 5.999240
0.289000 5.999240
0.289250 5.999240
0.289500 5.999240
0.289750 5.999240
0.290000 5.999240
0.290250 5.999240
0.290500 5.999240
0.290750 5.999240
0.291000 5.999240
0.291250 5.999240
0.291500 5.999240
0.291750 5.999240
0.292000 5.999240
0.292250 5.999240
0.292500 5.999240
0.292750 5.999240
0.293000 5.999240
0.293250 5.999240
0.293500 5.999240
0.293750 5.999240
0.294000 5.999240
0.294250 5.999240
0.294500 5.999240
0.294750 5.999240
0.295000 5.999240
0.295250 5.999240
0.295500 5.999240
0.295750 5.999240
0.296000 5.999240
0.296250 5.999240
0.296500 5.999240
0.296750 5.999240
0.297000 5.999240
0.297250 5.999240
0.297500 5.999240
0.297750 5.999240
0.298000 5.999240
0.298250 5.999240
0.298500 5.999240
0.298750 5.999240
0.299000 5.999240
0.299250 5.999240
0.299500 5.999240
0.299750 5.999240
0.300000 5.999240
0.300250 5.999240
0.300500 5.999240
0.300750 5.999240
0.301000 5.999240
0.301250 5.999240
0.301500 5.999240
0.301750 5.999240
0.302000 5.999240
0.302250 5.999240
0.302500 5.999240
0.302750 5.999240
0.303000 5.999240
0.303250 5.999240
0.303500 5.999240
0.303750 5.999240
0.304000 5.999240
0.304250 5.999240
0.304500 5.999240
0.304750 5.999240
0.305000 5.999240
0.305250 5.999240
0.305500 5.999240
0.305750 5.999240
0.306000 5.999240
0.306250 5.999240
0.306500 5.999240
0.306750 5.999240
0.307000 5.999240
0.307250 5.999240
0.307500 5.999240
0.307750 5.999240
0.308000 5.999240
0.308250 5.999240
0.308500 5.999240
0.308750 5.999240
0.309000 5.999240
0.309250 5.999240
0.309500 5.999240
0.309750 5.999240
0.310000 5.999240
0.310250 5.999240
0.310500 5.999240
0.310750 5.999240
0.311000 5.999240
0.311250 5.999240
0.311500 5.999240
0.311750 5.999240
0.312000 5.999240
0.312250 5.999240
0.312500 5.999240
0.312750 5.999240
0.313000 5.999240
0.313250 5.999240
0.313500 5.999240
0.313750 5.999240
0.314000 5.999240
0.314250 5.999240
0.314500 5.999240
0.314750 5.999240
0.315000 5.999240
0.315250 5.999240
0.315500 5.999240
0.315750 5.999240
0.316000 5.999240
0.316250 5.999240
0.316500 5.999240
0.316750 5.999240
0.317000 5.999240
0.317250 5.999240
0.317500 5.999240
0.317750 5.999240
0.318000 5.999240
0.318250 5.999240
0.318500 5.999240
0.318750 5.999240
0.319000 5.999240
0.319250 5.999240
0.319500 5.999240
0.319750 5.999240
0.320000 5.999240
0.320250 5.999240
0.320500 5.999240
0.320750 5.999240
0.321000 5.999240
0.321250 5.999240
0.321500 5.999240
0.321750 5.999240
0.322000 5.999240
0.322250 5.999240
0.322500 5.999240
0.322750 5.999240
0.323000 5.999240
0.323250 5.999240
0.323500 5.999240
0.323750 5.999240
0.324000 5.999240
0.324250 5.999240
0.324500 5.999240
0.324750 5.999240
0.325000 5.999240
0.325250 5.999240
0.325500 5.999240
0.325750 5.999240
0.326000 5.999240
0.326250 5.999240
0.326500 5.999240
0.326750 5.999240
0.327000 5.999240
0.327250 5.999240
0.327500 5.999240
0.327750 5.999240
0.328000 5.999240
0.328250 5.999240
0.328500 5.999240
0.328750 5.999240
0.329000 5.999240
0.329250 5.999240
0.329500 5.999240
0.329750 5.999240
0.330000 5.999240
0.330250 5.999240
0.330500 5.999240
0.330750 5.999240
0.331000 5.999240
0.331250 5.999240
0.331500 5.999240
0.331750 5.999240
0.332000 5.999240
0.332250 5.999240
0.332500 5.999240
0.332750 5.999240
0.333000 5.999240
0.333250 5.999240
0.333500 5.999240
0.333750 5.999240
0.334000 5.999240
0.334250 5.999240
0.334500 5.999240
0.334750 5.999240
0.335000 5.999240
0.335250 5.999240
0.335500 5.999240
0.335750 5.999240
0.336000 5.999240
0.336250 5.999240
0.336500 5.999240
0.336750 5.999240
0.337000 5.999240
0.337250 5.999240
0.337500 5.999240
0.337750 5.999240
0.338000 5.999240
0.338250 5.999240
0.338500 5.999240
0.338750 5.999240
0.339000 5.999240
0.339250 5.999240
0.339500 5.999240
0.339750 5.999240
0.340000 5.999240
0.340250 5.999240
0.340500 5.999240
0.340750 5.999240
0.341000 5.999240
0.341250 5.999240
0.341500 5.999240
0.341750 5.999240
0.342000 5.999240
0.342250 5.999240
0.342500 5.999240
0.342750 5.999240
0.343000 5.999240
0.343250 5.999240
0.343500 5.999240
0.343750 5.999240
0.344000 5.999240
0.344250 5.999240
0.344500 5.999240
0.344750 5.999240
0.345000 5.999240
0.345250 5.999240
0.345500 5.999240
0.345750 5.999240
0.346000 5.999240
0.346250 5.999240
0.346500 5.999240
0.346750 5.999240
0.347000 5.999240
0.347250 5.999240
0.347500 5.999240
0.347750 5.999240
0.348000 5.999240
0.348250 5.999240
0.348500 5.999240
0.348750 5.999240
0.349000 5.999240
0.349250 5.999240
0.349500 5.999240
0.349750 5.999240
0.350000 5.999240
0.350250 5.999240
0.350500 5.999240
0.350750 5.999240
0.351000 5.999240
0.351250 5.999240
0.351500 5.999240
0.351750 5.999240
0.352000 5.999240
0.352250 5.999240
0.352500 5.999240
0.352750 5.999240
0.353000 5.999240
0.353250 5.999240
0.353500 5.999240
0.353750 5.999240
0.354000 5.999240
0.354250 5.999240
0.354500 5.999240
0.354750 5.999240
0.355000 5.999240
0.355250 5.999240
0.355500 5.999240
0.355750 5.999240
0.356000 5.999240
0.356250 5.999240
0.356500 5.999240
0.356750 5.999240
0.357000 5.999240
0.357250 5.999240
0.357500 5.999240
0.357750 5.999240
0.358000 5.999240
0.358250 5.999240
0.358500 5.999240
0.358750 5.999240
0.359000 5.999240
0.359250 5.999240
0.359500 5.999240
0.359750 5.999240
0.360000 5.999240
0.360250 5.999240
0.360500 5.999240
0.360750 5.999240
0.361000 5.999240
0.361250 5.999240
0.361500 5.999240
0.361750 5.999240
0.362000 5.999240
0.362250 5.999240
0.362500 5.999240
0.362750 5.999240
0.363000 5.999240
0.363250 5.999240
0.363500 5.999240
0.363750 5.999240
0.364000 5.999240
0.364250 5.999240
0.364500 5.999240
0.364750 5.999240
0.365000 5.999240
0.365250 5.999240
0.365500 5.999240
0.365750 5.999240
0.366000 5.999240
0.366250 5.999240
0.366500 5.999240
0.366750 5.999240
0.367000 5.999240
0.367250 5.999240
0.367500 5.999240
0.367750 5.999240
0.368000 5.999240
0.368250 5.999240
0.368500 5.999240
0.368750 5.999240
0.369000 5.999240
0.369250 5.999240
0.369500 5.999240
0.369750 5.999240
0.370000 5.999240
0.370250 5.999240
0.370500 5.999240
0.370750 5.999240
0.371000 5.999240
0.371250 5.999240
0.371500 5.999240
0.371750 5.999240
0.372000 5.999240
0.372250 5.999240
0.372500 5.999240
0.372750 5.999240
0.373000 5.999240
0.373250 5.999240
0.373500 5.999240
0.373750 5.999240
0.374000 5.999240
0.374250 5.999240
0.374500 5.999240
0.374750 5.999240
0.375000 5.999240
0.375250 5.999240
0.375500 5.999240
0.375750 5.999240
0.376000 5.999240
0.376250 5.999240
0.376500 5.999240
0.376750 5.999240
0.377000 5.999240
0.377250 5.999240
0.377500 5.999240
0.377750 5.999240
0.378000 5.999240
0.378250 5.999240
0.378500 5.999240
0.378750 5.999240
0.379000 5.999240
0.379250 5.999240
0.379500 5.999240
0.379750 5.999240
0.380000 5.999240
0.380250 5.999240
0.380500 5.999240
0.380750 5.999240
0.381000 5.999240
0.381250 5.999240
0.381500 5.999240
0.381750 5.999240
0.382000 5.999240
0.382250 5.999240
0.382500 5.999240
0.382750 5.999240
0.383000 5.999240
0.383250 5.999240
0.383500 5.999240
0.383750 5.999240
0.384000 5.999240
0.384250 5.999240
0.384500 5.999240
0.384750 5.999240
0.385000 5.999240
0.385250 5.999240
0.385500 5.999240
0.385750 5.999240
0.386000 5.999240
0.386250 5.999240
0.386500 5.999240
0.386750 5.999240
0.387000 5.999240
0.387250 5.999240
0.387500 5.999240
0.387750 5.999240
0.388000 5.999240
0.388250 5.999240
0.388500 5.999240
0.388750 5.999240
0.389000 5.999240
0.389250 5.999240
0.389500 5.999240
0.389750 5.999240
0.390000 5.999240
0.390250 5.999240
0.390500 5.999240
0.390750 5.999240
0.391000 5.999240
0.391250 5.999240
0.391500 5.999240
0.391750 5.999240
0.392000 5.999240
0.392250 5.999240
0.392500 5.999240
0.392750 5.999240
0.393000 5.999240
0.393250 5.999240
0.393500 5.999240
0.393750 5.999240
0.394000 5.999240
0.394250 5.999240
0.394500 5.999240
0.394750 5.999240
0.395000 5.999240
0.395250 5.999240
0.395500 5.999240
0.395750 5.999240
0.396000 5.999240
0.396250 5.999240
0.396500 5.999240
0.396750 5.999240
0.397000 5.999240
0.397250 5.999240
0.397500 5.999240
0.397750 5.999240
0.398000 5.999240
0.398250 5.999240
0.398500 5.999240
0.398750 5.999240
0.399000 5.999240
0.399250 5.999240
0.399500 5.999240
0.399750 5.999240
0.400000 5.999240
0.400250 5.999240
0.400500 5.999240
0.400750 5.999240
0.401000 5.999240
0.401250 5.999240
0.401500 5.999240
0.401750 5.999240
0.402000 5.999240
0.402250 5.999240
0.402500 5.999240
0.402750 5.999240
0.403000 5.999240
0.403250 5.999240
0.403500 5.999240
0.403750 5.999240
0.404000 5.999240
0.404250 5.999240
0.404500 5.999240
0.404750 5.999240
0.405000 5.999240
0.405250 5.999240
0.405500 5.999240
0.405750 5.999240
0.406000 5.999240
0.406250 5.999240
0.406500 5.999240
0.406750 5.999240
0.407000 5.999240
0.407250 5.999240
0.407500 5.999240
0.407750 5.999240
0.408000 5.999240
0.408250 5.999240
0.408500 5.999240
0.408750 5.999240
0.409000 5.999240
0.409250 5.999240
0.409500 5.999240
0.409750 5.999240
0.410000 5.999240
0.410250 5.999240
0.410500 5.999240
0.410750 5.999240
0.411000 5.999240
0.411250 5.999240
0.411500 5.999240
0.411750 5.999240
0.412000 5.999240
0.412250 5.999240
0.412500 5.999240
0.412750 5.999240
0.413000 5.999240
0.413250 5.999240
0.413500 5.999240
0.413750 5.999240
0.414000 5.999240
0.414250 5.999240
0.414500 5.999240
0.414750 5.999240
0.415000 5.999240
0.415250 5.999240
0.415500 5.999240
0.415750 5.999240
0.416000 5.999240
0.416250 5.999240
0.416500 5.999240
0.416750 5.999240
0.417000 5.999240
0.417250 5.999240
0.417500 5.999240
0.417750 5.999240
0.418000 5.999240
0.418250 5.999240
0.418500 5.999240
0.418750 5.999240
0.419000 5.999240
0.419250 5.999240
0.419500 5.999240
0.419750 5.999240
0.420000 5.999240
0.420250 5.999240
0.420500 5.999240
0.420750 5.999240
0.421000 5.999240
0.421250 5.999240
0.421500 5.999240
0.421750 5.999240
0.422000 5.999240
0.422250 5.999240
0.422500 5.999240
0.422750 5.999240
0.423000 5.999240
0.423250 5.999240
0.423500 5.999240
0.423750 5.999240
0.424000 5.999240
0.424250 5.999240
0.424500 5.999240
0.424750 5.999240
0.425000 5.999240
0.425250 5.999240
0.425500 5.999240
0.425750 5.999240
0.426000 5.999240
0.426250 5.999240
0.426500 5.999240
0.426750 5.999240
0.427000 5.999240
0.427250 5.999240
0.427500 5.999240
0.427750 6.012860
0.428000 12.052830
0.428250 14.216580
0.428500 14.255720
0.428750 14.293040
0.429000 14.314990
0.429250 14.319780
0.429500 14.312660
0.429750 14.300980
0.430000 14.290610
0.430250 14.284620
0.430500 14.283510
0.430750 14.286080
0.431000 14.290360
0.431250 14.294350
0.431500 14.296580
0.431750 14.296360
0.432000 14.293810
0.432250 14.289600
0.432500 14.284690
0.432750 14.279980
0.433000 14.276150
0.433250 14.273520
0.433500 14.272120
0.433750 14.271740
0.434000 14.272060
0.434250 14.272810
0.434500 14.273780
0.434750 14.274860
0.435000 14.276050
0.435250 14.277390
0.435500 14.278890
0.435750 14.280560
0.436000 14.282360
0.436250 14.284180
0.436500 14.285900
0.436750 14.287400
0.437000 14.288540
0.437250 14.289260
0.437500 14.289520
0.437750 14.289320
0.438000 14.288720
0.438250 14.287780
0.438500 14.286600
0.438750 14.285250
0.439000 14.283850
0.439250 14.282460
0.439500 14.281160
0.439750 14.280000
0.440000 14.279040
0.440250 14.278310
0.440500 14.277830
0.440750 14.277610
0.441000 14.277650
0.441250 14.277940
0.441500 14.278450
0.441750 14.279130
0.442000 14.279960
0.442250 14.280860
0.442500 14.281800
0.442750 14.282720
0.443000 14.283570
0.443250 14.284310
0.443500 14.284900
0.443750 14.285330
0.444000 14.285570
0.444250 14.285620
0.444500 14.285490
0.444750 14.285200
0.445000 14.284770
0.445250 14.284240
0.445500 14.283630
0.445750 14.282980
0.446000 14.282340
0.446250 14.281730
0.446500 14.281190
0.446750 14.280740
0.447000 14.280400
0.447250 14.280180
0.447500 14.280100
0.447750 14.280140
0.448000 14.280290
0.448250 14.280550
0.448500 14.280890
0.448750 14.281290
0.449000 14.281720
0.449250 14.282170
0.449500 14.282600
0.449750 14.282990
0.450000 14.283320
0.450250 14.283590
0.450500 14.283770
0.450750 14.283870
0.451000 14.283880
0.451250 14.283810
0.451500 14.283660
0.451750 14.283450
0.452000 14.283190
0.452250 14.282900
0.452500 14.282590
0.452750 14.282290
0.453000 14.282010
0.453250 14.281760
0.453500 14.281560
0.453750 14.281410
0.454000 14.281320
0.454250 14.281290
0.454500 14.281310
0.454750 14.281400
0.455000 14.281520
0.455250 14.281690
0.455500 14.281880
0.455750 14.282090
0.456000 14.282300
0.456250 14.282500
0.456500 14.282680
0.456750 14.282830
0.457000 14.282950
0.457250 14.283030
0.457500 14.283070
0.457750 14.283070
0.458000 14.283030
0.458250 14.282950
0.458500 14.282850
0.458750 14.282720
0.459000 14.282580
0.459250 14.282440
0.459500 14.282300
0.459750 14.282170
0.460000 14.282060
0.460250 14.281960
0.460500 14.281900
0.460750 14.281860
0.461000 14.281850
0.461250 14.281870
0.461500 14.281910
0.461750 14.281970
0.462000 14.282050
0.462250 14.282140
0.462500 14.282240
0.462750 14.282340
0.463000 14.282430
0.463250 14.282520
0.463500 14.282590
0.463750 14.282640
0.464000 14.282670
0.464250 14.282690
0.464500 14.282680
0.464750 14.282660
0.465000 14.282620
0.465250 14.282570
0.465500 14.282510
0.465750 14.282450
0.466000 14.282380
0.466250 14.282310
0.466500 14.282250
0.466750 14.282200
0.467000 14.282160
0.467250 14.282130
0.467500 14.282120
0.467750 14.282110
0.468000 14.282120
0.468250 14.282150
0.468500 14.282180
0.468750 14.282220
0.469000 14.282260
0.469250 14.282310
0.469500 14.282350
0.469750 14.282400
0.470000 14.282430
0.470250 14.282470
0.470500 14.282490
0.470750 14.282500
0.471000 14.282510
0.471250 14.282510
0.471500 14.282490
0.471750 14.282480
0.472000 14.282450
0.472250 14.282420
0.472500 14.282390
0.472750 14.282360
0.473000 14.282330
0.473250 14.282300
0.473500 14.282280
0.473750 14.282260
0.474000 14.282250
0.474250 14.282240
0.474500 14.282240
0.474750 14.282240
0.475000 14.282260
0.475250 14.282270
0.475500 14.282290
0.475750 14.282310
0.476000 14.282330
0.476250 14.282350
0.476500 14.282370
0.476750 14.282390
0.477000 14.282410
0.477250 14.282420
0.477500 14.282420
0.477750 14.282430
0.478000 14.282420
0.478250 14.282420
0.478500 14.282410
0.478750 14.282400
0.479000 14.282380
0.479250 14.282370
0.479500 14.282350
0.479750 14.282340
0.480000 14.282320
0.480250 14.282310
0.480500 14.282310
0.480750 14.282300
0.481000 14.282300
0.481250 14.282300
0.481500 14.282300
0.481750 14.282310
0.482000 14.282310
0.482250 14.282320
0.482500 14.282330
0.482750 14.282340
0.483000 14.282350
0.483250 14.282360
0.483500 14.282370
0.483750 14.282380
0.484000 14.282380
0.484250 14.282390
0.484500 14.282390
0.484750 14.282380
0.485000 14.282380
0.485250 14.282380
0.485500 14.282370
0.485750 14.282360
0.486000 14.282360
0.486250 14.282350
0.486500 14.282340
0.486750 14.282340
0.487000 14.282330
0.487250 14.282330
0.487500 14.282330
0.487750 14.282330
0.488000 14.282330
0.488250 14.282330
0.488500 14.282330
0.488750 14.282340
0.489000 14.282340
0.489250 14.282340
0.489500 14.282350
0.489750 14.282350
0.490000 14.282360
0.490250 14.282360
0.490500 14.282360
0.490750 14.282370
0.491000 14.282370
0.491250 14.282370
0.491500 14.282370
0.491750 14.282370
0.492000 14.282360
0.492250 14.282360
0.492500 14.282360
0.492750 14.282350
0.493000 14.282350
0.493250 14.282350
0.493500 14.282350
0.493750 14.282340
0.494000 14.282340
0.494250 14.282340
0.494500 14.282340
0.494750 14.282340
0.495000 14.282340
0.495250 14.282340
0.495500 14.282340
0.495750 14.282350
0.496000 14.282350
0.496250 14.282350
0.496500 14.282350
0.496750 14.282360
0.497000 14.282360
0.497250 14.282360
0.497500 14.282360
0.497750 14.282360
0.498000 14.282360
0.498250 14.282360
0.498500 14.282360
0.498750 14.282360
0.499000 14.282360
0.499250 14.282350
0.499500 14.282350
0.499750 14.282350
0.500000 14.282350
0.500250 14.282350
0.500500 14.282350
0.500750 14.282350
0.501000 14.282350
0.501250 14.282350
0.501500 14.282350
0.501750 14.282350
0.502000 14.282350
0.502250 14.282350
0.502500 14.282350
0.502750 14.282350
0.503000 14.282350
0.503250 14.282350
0.503500 14.282350
0.503750 14.282360
0.504000 14.282360
0.504250 14.282360
0.504500 14.282360
0.504750 14.282360
0.505000 14.282360
0.505250 14.282360
0.505500 14.282360
0.505750 14.282360
0.506000 14.282350
0.506250 14.282350
0.506500 14.282350
0.506750 14.282350
0.507000 14.282350
0.507250 14.282350
0.507500 14.282350
0.507750 14.282350
0.508000 14.282350
0.508250 14.282350
0.508500 14.282350
0.508750 14.282350
0.509000 14.282350
0.509250 14.282350
0.509500 14.282350
0.509750 14.282350
0.510000 14.282350
0.510250 14.282350
0.510500 14.282360
0.510750 14.282360
0.511000 14.282360
0.511250 14.282360
0.511500 14.282360
0.511750 14.282360
0.512000 14.282360
0.512250 14.282360
0.512500 14.282350
0.512750 14.282350
0.513000 14.282350
0.513250 14.282350
0.513500 14.282350
0.513750 14.282350
0.514000 14.282350
0.514250 14.282350
0.514500 14.282350
0.514750 14.282350
0.515000 14.282350
0.515250 14.282350
0.515500 14.282350
0.515750 14.282350
0.516000 14.282350
0.516250 14.282350
0.516500 14.282350
0.516750 14.282350
0.517000 14.282360
0.517250 14.282360
0.517500 14.282360
0.517750 14.282360
0.518000 14.282360
0.518250 14.282360
0.518500 14.282360
0.518750 14.282360
0.519000 14.282360
0.519250 14.282360
0.519500 14.282360
0.519750 14.282360
0.520000 14.282350
0.520250 14.282350
0.520500 14.282350
0.520750 14.282350
0.521000 14.282350
0.521250 14.282350
0.521500 14.282350
0.521750 14.282350
0.522000 14.282350
0.522250 14.282350
0.522500 14.282360
0.522750 14.282360
0.523000 14.282360
0.523250 14.282360
0.523500 14.282360
0.523750 14.282360
0.524000 14.282360
0.524250 14.282360
0.524500 14.282360
0.524750 14.282360
0.525000 14.282360
0.525250 14.282360
0.525500 14.282360
0.525750 14.282360
0.526000 14.282360
0.526250 14.282360
0.526500 14.282360
0.526750 14.282360
0.527000 14.282360
0.527250 14.282360
0.527500 14.282360
0.527750 14.282360
0.528000 14.282360
0.528250 14.282360
0.528500 14.282360
0.528750 14.282360
0.529000 14.282360
0.529250 14.282360
0.529500 14.282360
0.529750 14.282360
0.530000 14.282360
0.530250 14.282360
0.530500 14.282360
0.530750 14.282360
0.531000 14.282360
0.531250 14.282360
0.531500 14.282360
0.531750 14.282360
0.532000 14.282360
0.532250 14.282360
0.532500 14.282360
0.532750 14.282360
0.533000 14.282360
0.533250 14.282360
0.533500 14.282360
0.533750 14.282360
0.534000 14.282360
0.534250 14.282360
0.534500 14.282360
0.534750 14.282360
0.535000 14.282360
0.535250 14.282360
0.535500 14.282360
0.535750 14.282360
0.536000 14.282360
0.536250 14.282360
0.536500 14.282360
0.536750 14.282360
0.537000 14.282360
0.537250 14.282360
0.537500 14.282360
0.537750 14.282360
0.538000 14.282360
0.538250 14.282360
0.538500 14.282360
0.538750 14.282360
0.539000 14.282360
0.539250 14.282360
0.539500 14.282360
0.539750 14.282360
0.540000 14.282360
0.540250 14.282360
0.540500 14.282360
0.540750 14.282360
0.541000 14.282360
0.541250 14.282360
0.541500 14.282360
0.541750 14.282360
0.542000 14.282360
0.542250 14.282360
0.542500 14.282360
0.542750 14.282360
0.543000 14.282360
0.543250 14.282360
0.543500 14.282360
0.543750 14.282360
0.544000 14.282360
0.544250 14.282360
0.544500 14.282360
0.544750 14.282360
0.545000 14.282360
0.545250 14.282360
0.545500 14.282360
0.545750 14.282360
0.546000 14.282360
0.546250 14.282360
0.546500 14.282360
0.546750 14.282360
0.547000 14.282360
0.547250 14.282360
0.547500 14.282360
0.547750 14.282360
0.548000 14.282360
0.548250 14.282360
0.548500 14.282360
0.548750 14.282360
0.549000 14.282360
0.549250 14.282360
0.549500 14.282360
0.549750 14.282360
0.550000 14.282360
0.550250 14.282360
0.550500 14.282360
0.550750 14.282360
0.551000 14.282360
0.551250 14.282360
0.551500 14.282360
0.551750 14.282360
0.552000 14.282360
0.552250 14.282360
0.552500 14.282360
0.552750 14.282360
0.553000 14.282360
0.553250 14.282360
0.553500 14.282360
0.553750 14.282360
0.554000 14.282360
0.554250 14.282360
0.554500 14.282360
0.554750 14.282360
0.555000 14.282360
0.555250 14.282360
0.555500 14.282360
0.555750 14.282360
0.556000 14.282360
0.556250 14.282360
0.556500 14.282360
0.556750 14.282360
0.557000 14.282360
0.557250 14.282360
0.557500 14.282360
0.557750 14.282360
0.558000 14.282360
0.558250 14.282360
0.558500 14.282360
0.558750 14.282360
0.559000 14.282360
0.559250 14.282360
0.559500 14.282360
0.559750 14.282360
0.560000 14.282360
0.560250 14.282360
0.560500 14.282360
0.560750 14.282360
0.561000 14.282360
0.561250 14.282360
0.561500 14.282360
0.561750 14.282360
0.562000 14.282360
0.562250 14.282360
0.562500 14.282360
0.562750 14.282360
0.563000 14.282360
0.563250 14.282360
0.563500 14.282360
0.563750 14.282360
0.564000 14.282360
0.564250 14.282360
0.564500 14.282360
0.564750 14.282360
0.565000 14.282360
0.565250 14.282360
0.565500 14.282360
0.565750 14.282360
0.566000 14.282360
0.566250 14.282360
0.566500 14.282360
0.566750 14.282360
0.567000 14.282360
0.567250 14.282360
0.567500 14.282360
0.567750 14.282360
0.568000 14.282360
0.568250 14.282360
0.568500 14.282360
0.568750 14.282360
0.569000 14.282360
0.569250 14.282360
0.569500 14.282360
0.569750 14.282360
0.570000 14.282360
0.570250 14.282360
0.570500 14.282360
0.570750 14.282360
0.571000 14.282360
0.571250 14.282360
0.571500 14.282360
0.571750 14.282360
0.572000 14.282360
0.572250 14.282360
0.572500 14.282360
0.572750 14.282360
0.573000 14.282360
0.573250 14.282360
0.573500 14.282360
0.573750 14.282360
0.574000 14.282360
0.574250 14.282360
0.574500 14.282360
0.574750 14.282360
0.575000 14.282360
0.575250 14.282360
0.575500 14.282360
0.575750 14.282360
0.576000 14.282360
0.576250 14.282360
0.576500 14.282360
0.576750 14.282360
0.577000 14.282360
0.577250 14.282360
0.577500 14.282360
0.577750 14.282360
0.578000 14.282360
0.578250 14.282360
0.578500 14.282360
0.578750 14.282360
0.579000 14.282360
0.579250 14.282360
0.579500 14.282360
0.579750 14.282360
0.580000 14.282370
0.580250 14.282370
0.580500 14.282370
0.580750 14.282370
0.581000 14.282370
0.581250 14.282370
0.581500 14.282370
0.581750 14.282370
0.582000 14.282370
0.582250 14.282370
0.582500 14.282370
0.582750 14.282370
0.583000 14.282370
0.583250 14.282370
0.583500 14.282370
0.583750 14.282370
0.584000 14.282370
0.584250 14.282370
0.584500 14.282370
0.584750 14.282370
0.585000 14.282370
0.585250 14.282370
0.585500 14.282370
0.585750 14.282370
0.586000 14.282370
0.586250 14.282370
0.586500 14.282370
0.586750 14.282370
0.587000 14.282370
0.587250 14.282370
0.587500 14.282370
0.587750 14.282370
0.588000 14.282370
0.588250 14.282370
0.588500 14.282370
0.588750 14.282370
0.589000 14.282370
0.589250 14.282370
0.589500 14.282370
0.589750 14.282370
0.590000 14.282370
0.590250 14.282370
0.590500 14.282370
0.590750 14.282370
0.591000 14.282370
0.591250 14.282370
0.591500 14.282370
0.591750 14.282370
0.592000 14.282370
0.592250 14.282370
0.592500 14.282370
0.592750 14.282370
0.593000 14.282370
0.593250 14.282370
0.593500 14.282370
0.593750 14.282370
0.594000 14.282370
0.594250 14.282370
0.594500 14.282370
0.594750 14.282370
0.595000 14.282370
0.595250 14.282370
0.595500 14.282370
0.595750 14.282370
0.596000 14.282370
0.596250 14.282370
0.596500 14.282370
0.596750 14.282370
0.597000 14.282370
0.597250 14.282370
0.597500 14.282370
0.597750 14.282370
0.598000 14.282370
0.598250 14.282370
0.598500 14.282370
0.598750 14.282370
0.599000 14.282370
0.599250 14.282370
0.599500 14.282370
0.599750 14.282370
0.600000 14.282370
0.600250 14.282370
0.600500 14.282370
0.600750 14.282370
0.601000 14.282370
0.601250 14.282370
0.601500 14.282370
0.601750 14.282370
0.602000 14.282370
0.602250 14.282370
0.602500 14.282370
0.602750 14.282370
0.603000 14.282370
0.603250 14.282370
0.603500 14.282370
0.603750 14.282370
0.604000 14.282370
0.604250 14.282370
0.604500 14.282370
0.604750 14.282370
0.605000 14.282370
0.605250 14.282370
0.605500 14.282370
0.605750 14.282370
0.606000 14.282370
0.606250 14.282370
0.606500 14.282370
0.606750 14.282370
0.607000 14.282370
0.607250 14.282370
0.607500 14.282370
0.607750 14.282370
0.608000 14.282370
0.608250 14.282370
0.608500 14.282370
0.608750 14.282370
0.609000 14.282370
0.609250 14.282380
0.609500 14.282380
0.609750 14.282380
0.610000 14.282380
0.610250 14.282380
0.610500 14.282380
0.610750 14.282380
0.611000 14.282380
0.611250 14.282380
0.611500 14.282380
0.611750 14.282380
0.612000 14.282380
0.612250 14.282380
0.612500 14.282380
0.612750 14.282380
0.613000 14.282380
0.613250 14.282380
0.613500 14.282380
0.613750 14.282380
0.614000 14.282380
0.614250 14.282380
0.614500 14.282380
0.614750 14.282380
0.615000 14.282380
0.615250 14.282380
0.615500 14.282380
0.615750 14.282380
0.616000 14.282380
0.616250 14.282380
0.616500 14.282380
0.616750 14.282380
0.617000 14.282380
0.617250 14.282380
0.617500 14.282380
0.617750 14.282380
0.618000 14.282380
0.618250 14.282380
0.618500 14.282380
0.618750 14.282380
0.619000 14.282380
0.619250 14.282380
0.619500 14.282380
0.619750 14.282380
0.620000 14.282380
0.620250 14.282380
0.620500 14.282380
0.620750 14.282380
0.621000 14.282380
0.621250 14.282380
0.621500 14.282380
0.621750 14.282380
0.622000 14.282380
0.622250 14.282380
0.622500 14.282380
0.622750 14.282380
0.623000 14.282380
0.623250 14.282380
0.623500 14.282380
0.623750 14.282380
0.624000 14.282380
0.624250 14.282390
0.624500 14.282390
0.624750 14.282390
0.625000 14.282390
0.625250 14.282390
0.625500 14.282390
0.625750 14.282390
0.626000 14.282390
0.626250 14.282390
0.626500 14.282390
0.626750 14.282390
0.627000 14.282390
0.627250 14.282390
0.627500 14.282390
0.627750 14.282390
0.628000 14.282390
0.628250 14.282390
0.628500 14.282390
0.628750 14.282390
0.629000 14.282390
0.629250 14.282390
0.629500 14.282390
0.629750 14.282390
0.630000 14.282390
0.630250 14.282390
0.630500 14.282390
0.630750 14.282390
0.631000 14.282390
0.631250 14.282390
0.631500 14.282390
0.631750 14.282390
0.632000 14.282390
0.632250 14.282390
0.632500 14.282390
0.632750 14.282390
0.633000 14.282400
0.633250 14.282400
0.633500 14.282400
0.633750 14.282400
0.634000 14.282400
0.634250 14.282400
0.634500 14.282400
0.634750 14.282400
0.635000 14.282400
0.635250 14.282400
0.635500 14.282400
0.635750 14.282400
0.636000 14.282400
0.636250 14.282400
0.636500 14.282400
0.636750 14.282400
0.637000 14.282400
0.637250 14.282400
0.637500 14.282400
0.637750 14.282400
0.638000 14.282400
0.638250 14.282400
0.638500 14.282410
0.638750 14.282410
0.639000 14.282410
0.639250 14.282410
0.639500 14.282410
0.639750 14.282410
0.640000 14.282410
0.640250 14.282410
0.640500 14.282410
0.640750 14.282410
0.641000 14.282410
0.641250 14.282410
0.641500 14.282410
0.641750 14.282410
0.642000 14.282410
0.642250 14.282420
0.642500 14.282420
0.642750 14.282420
0.643000 14.282420
0.643250 14.282420
0.643500 14.282420
0.643750 14.282420
0.644000 14.282420
0.644250 14.282420
0.644500 14.282420
0.644750 14.282420
0.645000 14.282420
0.645250 14.282430
0.645500 14.282430
0.645750 14.282430
0.646000 14.282430
0.646250 14.282430
0.646500 14.282430
0.646750 14.282430
0.647000 14.282430
0.647250 14.282430
0.647500 14.282440
0.647750 14.282440
0.648000 14.282440
0.648250 14.282440
0.648500 14.282440
0.648750 14.282440
0.649000 14.282440
0.649250 14.282450
0.649500 14.282450
0.649750 14.282450
0.650000 14.282450
0.650250 14.282450
0.650500 14.282450
0.650750 14.282450
0.651000 14.282460
0.651250 14.282460
0.651500 14.282460
0.651750 14.282460
0.652000 14.282460
0.652250 14.282460
0.652500 14.282470
0.652750 14.282470
0.653000 14.282470
0.653250 14.282470
0.653500 14.282470
0.653750 14.282480
0.654000 14.282480
0.654250 14.282480
0.654500 14.282480
0.654750 14.282490
0.655000 14.282490
0.655250 14.282490
0.655500 14.282490
0.655750 14.282500
0.656000 14.282500
0.656250 14.282500
0.656500 14.282500
0.656750 14.282510
0.657000 14.282510
0.657250 14.282510
0.657500 14.282520
0.657750 14.282520
0.658000 14.282520
0.658250 14.282530
0.658500 14.282530
0.658750 14.282530
0.659000 14.282540
0.659250 14.282540
0.659500 14.282550
0.659750 14.282550
0.660000 14.282550
0.660250 14.282560
0.660500 14.282560
0.660750 14.282570
0.661000 14.282570
0.661250 14.282580
0.661500 14.282580
0.661750 14.282590
0.662000 14.282600
0.662250 14.282600
0.662500 14.282610
0.662750 14.282620
0.663000 14.282620
0.663250 14.282630
0.663500 14.282640
0.663750 14.282650
0.664000 14.282660
0.664250 14.282660
0.664500 14.282670
0.664750 14.282690
0.665000 14.282700
0.665250 14.282710
0.665500 14.282720
0.665750 14.282740
0.666000 14.282750
0.666250 14.282770
0.666500 14.282780
0.666750 14.282800
0.667000 14.282820
0.667250 14.282850
0.667500 14.282870
0.667750 14.282900
0.668000 14.282930
0.668250 14.282960
0.668500 14.282990
0.668750 14.283030
0.669000 14.283080
0.669250 14.283120
0.669500 14.283180
0.669750 14.283230
0.670000 14.283300
0.670250 14.283370
0.670500 14.283450
0.670750 14.283540
0.671000 14.283630
0.671250 14.283740
0.671500 14.283860
0.671750 14.284000
0.672000 14.284140
0.672250 14.284310
0.672500 14.284490
0.672750 14.284690
0.673000 14.284910
0.673250 14.285160
0.673500 14.285440
0.673750 14.285740
0.674000 14.286080
0.674250 14.286450
0.674500 14.286870
0.674750 14.287320
0.675000 14.287830
0.675250 14.288380
0.675500 14.289000
0.675750 14.289680
0.676000 14.290430
0.676250 14.291250
0.676500 14.292150
0.676750 14.293150
0.677000 14.294240
0.677250 14.295450
0.677500 14.296760
0.677750 14.298210
0.678000 14.299790
0.678250 14.301520
0.678500 14.303420
0.678750 14.305490
0.679000 14.307750
0.679250 14.310220
0.679500 14.312900
0.679750 14.315830
0.680000 14.319020
0.680250 14.322480
0.680500 14.326250
0.680750 14.330330
0.681000 14.334760
0.681250 14.339570
0.681500 14.344760
0.681750 14.350390
0.682000 14.356460
0.682250 14.363030
0.682500 14.370110
0.682750 14.377740
0.683000 14.385960
0.683250 14.394810
0.683500 14.404330
0.683750 14.414550
0.684000 14.425520
0.684250 14.437280
0.684500 14.449890
0.684750 14.463380
0.685000 14.477810
0.685250 14.493240
0.685500 14.509710
0.685750 14.527280
0.686000 14.546000
0.686250 14.565950
0.686500 14.587170
0.686750 14.609720
0.687000 14.633690
0.687250 14.659120
0.687500 14.686080
0.687750 14.714640
0.688000 14.744880
0.688250 14.776850
0.688500 14.810640
0.688750 14.846310
0.689000 14.883930
0.689250 14.923580
0.689500 14.965330
0.689750 15.009250
0.690000 15.055420
0.690250 15.103910
0.690500 15.154790
0.690750 15.208130
0.691000 15.264010
0.691250 15.322490
0.691500 15.383640
0.691750 15.447540
0.692000 15.514230
0.692250 15.583800
0.692500 15.656290
0.692750 15.731770
0.693000 15.810290
0.693250 15.891900
0.693500 15.976660
0.693750 16.064610
0.694000 16.155780
0.694250 16.250220
0.694500 16.347970
0.694750 16.449040
0.695000 16.553470
0.695250 16.661270
0.695500 16.772460
0.695750 16.887040
0.696000 17.005020
0.696250 17.126390
0.696500 17.251150
0.696750 17.379280
0.697000 17.510770
0.697250 17.645570
0.697500 17.783670
0.697750 17.925020
0.698000 18.069570
0.698250 18.217270
0.698500 18.368070
0.698750 18.521890
0.699000 18.678670
0.699250 18.838330
0.699500 19.000780
0.699750 19.165930
0.700000 19.333690
0.700250 19.503950
0.700500 19.676600
0.700750 19.851540
0.701000 20.028640
0.701250 20.207780
0.701500 20.388830
0.701750 20.571650
0.702000 20.756120
0.702250 20.942080
0.702500 21.129400
0.702750 21.317930
0.703000 21.507510
0.703250 21.698000
0.703500 21.889230
0.703750 22.081060
0.704000 22.273320
0.704250 22.465850
0.704500 22.658490
0.704750 22.851090
0.705000 23.043480
0.705250 23.235500
0.705500 23.427000
0.705750 23.617820
0.706000 23.807810
0.706250 23.996810
0.706500 24.184670
0.706750 24.371240
0.707000 24.556390
0.707250 24.739960
0.707500 24.921830
0.707750 25.101860
0.708000 25.279930
0.708250 25.455900
0.708500 25.629670
0.708750 25.801120
0.709000 25.970140
0.709250 26.136630
0.709500 26.300490
0.709750 26.461630
0.710000 26.619980
0.710250 26.775440
0.710500 26.927950
0.710750 27.077440
0.711000 27.223860
0.711250 27.367150
0.711500 27.507260
0.711750 27.644150
0.712000 27.777790
0.712250 27.908140
0.712500 28.035190
0.712750 28.158930
0.713000 28.279330
0.713250 28.396390
0.713500 28.510120
0.713750 28.620520
0.714000 28.727600
0.714250 28.831380
0.714500 28.931870
0.714750 29.029110
0.715000 29.123130
0.715250 29.213950
0.715500 29.301610
0.715750 29.386170
0.716000 29.467650
0.716250 29.546120
0.716500 29.621620
0.716750 29.694210
0.717000 29.763940
0.717250 29.830870
0.717500 29.895060
0.717750 29.956580
0.718000 30.015500
0.718250 30.071870
0.718500 30.125760
0.718750 30.177240
0.719000 30.226380
0.719250 30.273260
0.719500 30.317930
0.719750 30.360460
0.720000 30.400940
0.720250 30.439430
0.720500 30.475990
0.720750 30.510700
0.721000 30.543620
0.721250 30.574820
0.721500 30.604370
0.721750 30.632330
0.722000 30.658770
0.722250 30.683750
0.722500 30.707330
0.722750 30.729580
0.723000 30.750550
0.723250 30.770300
0.723500 30.788890
0.723750 30.806370
0.724000 30.822800
0.724250 30.838220
0.724500 30.852690
0.724750 30.866250
0.725000 30.878960
0.725250 30.890850
0.725500 30.901980
0.725750 30.912370
0.726000 30.922080
0.726250 30.931140
0.726500 30.939590
0.726750 30.947460
0.727000 30.954790
0.727250 30.961610
0.727500 30.967940
0.727750 30.973830
0.728000 30.979290
0.728250 30.984360
0.728500 30.989050
0.728750 30.993400
0.729000 30.997430
0.729250 31.001150
0.729500 31.004580
0.729750 31.007760
0.730000 31.010690
0.730250 31.013390
0.730500 31.015870
0.730750 31.018160
0.731000 31.020270
0.731250 31.022200
0.731500 31.023980
0.731750 31.025610
0.732000 31.027110
0.732250 31.028480
0.732500 31.029740
0.732750 31.030890
0.733000 31.031940
0.733250 31.032900
0.733500 31.033780
0.733750 31.034580
0.734000 31.035310
0.734250 31.035980
0.734500 31.036580
0.734750 31.037130
0.735000 31.037640
0.735250 31.038090
0.735500 31.038510
0.735750 31.038890
0.736000 31.039230
0.736250 31.039540
0.736500 31.039820
0.736750 31.040070
0.737000 31.040300
0.737250 31.040510
0.737500 31.040700
0.737750 31.040870
0.738000 31.041030
0.738250 31.041170
0.738500 31.041290
0.738750 31.041400
0.739000 31.041510
0.739250 31.041600
0.739500 31.041680
0.739750 31.041760
0.740000 31.041830
0.740250 31.041890
0.740500 31.041940
0.740750 31.041990
0.741000 31.042040
0.741250 31.042070
0.741500 31.042110
0.741750 31.042150
0.742000 31.042180
0.742250 31.042200
0.742500 31.042230
0.742750 31.042250
0.743000 31.042270
0.743250 31.042280
0.743500 31.042300
0.743750 31.042320
0.744000 31.042330
0.744250 31.042340
0.744500 31.042360
0.744750 31.042370
0.745000 31.042380
0.745250 31.042380
0.745500 31.042390
0.745750 31.042400
0.746000 31.042410
0.746250 31.042410
0.746500 31.042420
0.746750 31.042420
0.747000 31.042430
0.747250 31.042430
0.747500 31.042440
0.747750 31.042440
0.748000 31.042450
0.748250 31.042450
0.748500 31.042460
0.748750 31.042460
0.749000 31.042460
0.749250 31.042460
0.749500 31.042470
0.749750 31.042470
0.750000 31.042470
0.750250 31.042480
0.750500 31.042480
0.750750 31.042480
0.751000 31.042490
0.751250 31.042490
0.751500 31.042490
0.751750 31.042490
0.752000 31.042490
0.752250 31.042490
0.752500 31.042500
0.752750 31.042500
0.753000 31.042500
0.753250 31.042500
0.753500 31.042500
0.753750 31.042510
0.754000 31.042510
0.754250 31.042510
0.754500 31.042510
0.754750 31.042510
0.755000 31.042520
0.755250 31.042520
0.755500 31.042520
0.755750 31.042520
0.756000 31.042520
0.756250 31.042520
0.756500 31.042520
0.756750 31.042530
0.757000 31.042530
0.757250 31.042530
0.757500 31.042530
0.757750 31.042530
0.758000 31.042530
0.758250 31.042530
0.758500 31.042530
0.758750 31.042530
0.759000 31.042540
0.759250 31.042540
0.759500 31.042540
0.759750 31.042540
0.760000 31.042540
0.760250 31.042540
0.760500 31.042540
0.760750 31.042540
0.761000 31.042540
0.761250 31.042550
0.761500 31.042550
0.761750 31.042550
0.762000 31.042550
0.762250 31.042550
0.762500 31.042550
0.762750 31.042550
0.763000 31.042550
0.763250 31.042550
0.763500 31.042550
0.763750 31.042550
0.764000 31.042550
0.764250 31.042550
0.764500 31.042560
0.764750 31.042550
0.765000 31.042560
0.765250 31.042560
0.765500 31.042560
0.765750 31.042560
0.766000 31.042560
0.766250 31.042560
0.766500 31.042560
0.766750 31.042560
0.767000 31.042560
0.767250 31.042560
0.767500 31.042560
0.767750 31.042560
0.768000 31.042560
0.768250 31.042560
0.768500 31.042570
0.768750 31.042560
0.769000 31.042560
0.769250 31.042570
0.769500 31.042570
0.769750 31.042570
0.770000 31.042570
0.770250 31.042570
0.770500 31.042570
0.770750 31.042570
0.771000 31.042570
0.771250 31.042570
0.771500 31.042570
0.771750 31.042570
0.772000 31.042570
0.772250 31.042570
0.772500 31.042570
0.772750 31.042570
0.773000 31.042570
0.773250 31.042570
0.773500 31.042570
0.773750 31.042570
0.774000 31.042570
0.774250 31.042570
0.774500 31.042580
0.774750 31.042570
0.775000 31.042570
0.775250 31.042580
0.775500 31.042580
0.775750 31.042580
0.776000 31.042580
0.776250 31.042580
0.776500 31.042580
0.776750 31.042580
0.777000 31.042580
0.777250 31.042580
0.777500 31.042580
0.777750 31.042580
0.778000 31.042580
0.778250 31.042580
0.778500 31.042580
0.778750 31.042580
0.779000 31.042580
0.779250 31.042580
0.779500 31.042580
0.779750 31.042580
0.780000 31.042580
0.780250 31.042580
0.780500 31.042580
0.780750 31.042580
0.781000 31.042580
0.781250 31.042590
0.781500 31.042580
0.781750 31.042580
0.782000 31.042580
0.782250 31.042580
0.782500 31.042590
0.782750 31.042590
0.783000 31.042580
0.783250 31.042590
0.783500 31.042580
0.783750 31.042580
0.784000 31.042590
0.784250 31.042580
0.784500 31.042590
0.784750 31.042590
0.785000 31.042590
0.785250 31.042590
0.785500 31.042590
0.785750 31.042580
0.786000 31.042590
0.786250 31.042590
0.786500 31.042590
0.786750 31.042590
0.787000 31.042590
0.787250 31.042590
0.787500 31.042590
0.787750 31.042580
0.788000 31.042590
0.788250 31.042590
0.788500 31.042590
0.788750 31.042590
0.789000 31.042590
0.789250 31.042590
0.789500 31.042590
0.789750 31.042590
0.790000 31.042590
0.790250 31.042590
0.790500 31.042590
0.790750 31.042590
0.791000 31.042590
0.791250 31.042590
0.791500 31.042590
0.791750 31.042590
0.792000 31.042590
0.792250 31.042590
0.792500 31.042590
0.792750 31.042590
0.793000 31.042590
0.793250 31.042590
0.793500 31.042590
0.793750 31.042590
0.794000 31.042590
0.794250 31.042590
0.794500 31.042590
0.794750 31.042590
0.795000 31.042590
0.795250 31.042590
0.795500 31.042590
0.795750 31.042590
0.796000 31.042600
0.796250 31.042590
0.796500 31.042590
0.796750 31.042590
0.797000 31.042590
0.797250 31.042600
0.797500 31.042590
0.797750 31.042590
0.798000 31.042600
0.798250 31.042590
0.798500 31.042590
0.798750 31.042590
0.799000 31.042590
0.799250 31.042600
0.799500 31.042600
0.799750 31.042590
0.800000 31.042600
0.800250 31.042600
0.800500 31.042590
0.800750 31.042600
0.801000 31.042590
0.801250 31.042600
0.801500 31.042600
0.801750 31.042590
0.802000 31.042600
0.802250 31.042600
0.802500 31.042590
0.802750 31.042600
0.803000 31.042590
0.803250 31.042600
0.803500 31.042600
0.803750 31.042590
0.804000 31.042600
0.804250 31.042600
0.804500 31.042590
0.804750 31.042600
0.805000 31.042600
0.805250 31.042590
0.805500 31.042600
0.805750 31.042590
0.806000 31.042600
0.806250 31.042600
0.806500 31.042590
0.806750 31.042600
0.807000 31.042600
0.807250 31.042590
0.807500 31.042600
0.807750 31.042600
0.808000 31.042600
0.808250 31.042600
0.808500 31.042600
0.808750 31.042600
0.809000 31.042600
0.809250 31.042590
0.809500 31.042600
0.809750 31.042600
0.810000 31.042600
0.810250 31.042600
0.810500 31.042600
0.810750 31.042600
0.811000 31.042600
0.811250 31.042590
0.811500 31.042600
0.811750 31.042600
0.812000 31.042600
0.812250 31.042600
0.812500 31.042600
0.812750 31.042600
0.813000 31.042600
0.813250 31.042590
0.813500 31.042600
0.813750 31.042600
0.814000 31.042600
0.814250 31.042600
0.814500 31.042600
0.814750 31.042600
0.815000 31.042600
0.815250 31.042600
0.815500 31.042600
0.815750 31.042600
0.816000 31.042600
0.816250 31.042600
0.816500 31.042600
0.816750 31.042600
0.817000 31.042600
0.817250 31.042600
0.817500 31.042600
0.817750 31.042600
0.818000 31.042600
0.818250 31.042600
0.818500 31.042600
0.818750 31.042600
0.819000 31.042600
0.819250 31.042600
0.819500 31.042610
0.819750 31.042600
0.820000 31.042600
0.820250 31.042600
0.820500 31.042600
0.820750 31.042600
0.821000 31.042600
0.821250 31.042600
0.821500 31.042610
0.821750 31.042600
0.822000 31.042600
0.822250 31.042600
0.822500 31.042600
0.822750 31.042600
0.823000 31.042610
0.823250 31.042600
0.823500 31.042610
0.823750 31.042600
0.824000 31.042590
0.824250 31.042600
0.824500 31.042590
0.824750 31.042580
0.825000 31.042560
0.825250 31.042510
0.825500 31.042420
0.825750 31.042190
0.826000 31.041710
0.826250 31.040710
0.826500 31.038540
0.826750 31.033910
0.827000 31.023980
0.827250 31.002700
0.827500 30.957180
0.827750 30.859870
0.828000 30.652470
0.828250 30.213120
0.828500 29.294310
0.828750 27.425720
0.829000 23.849850
0.829250 17.877010
0.829500 10.296640
0.829750 6.060170
0.830000 5.992420
0.830250 5.992420
0.830500 5.992420
0.830750 5.992420
0.831000 5.992420
0.831250 5.992420
0.831500 5.992420
0.831750 5.992420
0.832000 5.992420
0.832250 5.992420
0.832500 5.992420
0.832750 5.992420
0.833000 5.992420
0.833250 5.992420
0.833500 5.992420
0.833750 5.992420
0.834000 5.992420
0.834250 5.992420
0.834500 5.992420
0.834750 5.992420
0.835000 5.992420
0.835250 5.992420
0.835500 5.992420
0.835750 5.992420
0.836000 5.992420
0.836250 5.992420
0.836500 5.992420
0.836750 5.992420
0.837000 5.992420
0.837250 5.992420
0.837500 5.992420
0.837750 5.992420
0.838000 5.992420
0.838250 5.992420
0.838500 5.992420
0.838750 5.992420
0.839000 5.992420
0.839250 5.992420
0.839500 5.992420
0.839750 5.992420
0.840000 5.992420
0.840250 5.992420
0.840500 5.992420
0.840750 5.992420
0.841000 5.992420
0.841250 5.992420
0.841500 5.992420
0.841750 5.992420
0.842000 5.992420
0.842250 5.992420
0.842500 5.992420
0.842750 5.992420
0.843000 5.992420
0.843250 5.992420
0.843500 5.992420
0.843750 5.992420
0.844000 5.992420
0.844250 5.992420
0.844500 5.992420
0.844750 5.992420
0.845000 5.992420
0.845250 5.992420
0.845500 5.992420
0.845750 5.992420
0.846000 5.992420
0.846250 5.992420
0.846500 5.992420
0.846750 5.992420
0.847000 5.992420
0.847250 5.992420
0.847500 5.992420
0.847750 5.992420
0.848000 5.992420
0.848250 5.992420
0.848500 5.992420
0.848750 5.992420
0.849000 5.992420
0.849250 5.992420
0.849500 5.992420
0.849750 5.992420
0.850000 5.992420
0.850250 5.992420
0.850500 5.992420
0.850750 5.992420
0.851000 5.992420
0.851250 5.992420
0.851500 5.992420
0.851750 5.992420
0.852000 5.992420
0.852250 5.992420
0.852500 5.992420
0.852750 5.992420
0.853000 5.992420
0.853250 5.992420
0.853500 5.992420
0.853750 5.992420
0.854000 5.992420
0.854250 5.992420
0.854500 5.992420
0.854750 5.992420
0.855000 5.992420
0.855250 5.992420
0.855500 5.992420
0.855750 5.992420
0.856000 5.992420
0.856250 5.992420
0.856500 5.992420
0.856750 5.992420
0.857000 5.992420
0.857250 5.992420
0.857500 5.992420
0.857750 5.992420
0.858000 5.992420
0.858250 5.992420
0.858500 5.992420
0.858750 5.992420
0.859000 5.992420
0.859250 5.992420
0.859500 5.992420
0.859750 5.992420
0.860000 5.992420
0.860250 5.992420
0.860500 5.992420
0.860750 5.992420
0.861000 5.992420
0.861250 5.992420
0.861500 5.992420
0.861750 5.992420
0.862000 5.992420
0.862250 5.992420
0.862500 5.992420
0.862750 5.992420
0.863000 5.992420
0.863250 5.992420
0.863500 5.992420
0.863750 5.992420
0.864000 5.992420
0.864250 5.992420
0.864500 5.992420
0.864750 5.992420
0.865000 5.992420
0.865250 5.992420
0.865500 5.992420
0.865750 5.992420
0.866000 5.992420
0.866250 5.992420
0.866500 5.992420
0.866750 5.992420
0.867000 5.992420
0.867250 5.992420
0.867500 5.992420
0.867750 5.992420
0.868000 5.992420
0.868250 5.992420
0.868500 5.992420
0.868750 5.992420
0.869000 5.992420
0.869250 5.992420
0.869500 5.992420
0.869750 5.992420
0.870000 5.992420
0.870250 5.992420
0.870500 5.992420
0.870750 5.992420
0.871000 5.992420
0.871250 5.992420
0.871500 5.992420
0.871750 5.992420
0.872000 5.992420
0.872250 5.992420
0.872500 5.992420
0.872750 5.992420
0.873000 5.992420
0.873250 5.992420
0.873500 5.992420
0.873750 5.992420
0.874000 5.992420
0.874250 5.992420
0.874500 5.992420
0.874750 5.992420
0.875000 5.992420
0.875250 5.992420
0.875500 5.992420
0.875750 5.992420
0.876000 5.992420
0.876250 5.992420
0.876500 5.992420
0.876750 5.992420
0.877000 5.992420
0.877250 5.992420
0.877500 5.992420
0.877750 5.992420
0.878000 5.992420
0.878250 5.992420
0.878500 5.992420
0.878750 5.992420
0.879000 5.992420
0.879250 5.992420
0.879500 5.992420
0.879750 5.992420
0.880000 5.992420
0.880250 5.992420
0.880500 5.992420
0.880750 5.992420
0.881000 5.992420
0.881250 5.992420
0.881500 5.992420
0.881750 5.992420
0.882000 5.992420
0.882250 5.992420
0.882500 5.992420
0.882750 5.992420
0.883000 5.992420
0.883250 5.992420
0.883500 5.992420
0.883750 5.992420
0.884000 5.992420
0.884250 5.992420
0.884500 5.992420
0.884750 5.992420
0.885000 5.992420
0.885250 5.992420
0.885500 5.992420
0.885750 5.992420
0.886000 5.992420
0.886250 5.992420
0.886500 5.992420
0.886750 5.992420
0.887000 5.992420
0.887250 5.992420
0.887500 5.992420
0.887750 5.992420
0.888000 5.992420
0.888250 5.992420
0.888500 5.992420
0.888750 5.992420
0.889000 5.992420
0.889250 5.992420
0.889500 5.992420
0.889750 5.992420
0.890000 5.992420
0.890250 5.992420
0.890500 5.992420
0.890750 5.992420
0.891000 5.992420
0.891250 5.992420
0.891500 5.992420
0.891750 5.992420
0.892000 5.992420
0.892250 5.992420
0.892500 5.992420
0.892750 5.992420
0.893000 5.992420
0.893250 5.992420
0.893500 5.992420
0.893750 5.992420
0.894000 5.992420
0.894250 5.992420
0.894500 5.992420
0.894750 5.992420
0.895000 5.992420
0.895250 5.992420
0.895500 5.992420
0.895750 5.992420
0.896000 5.992420
0.896250 5.992420
0.896500 5.992420
0.896750 5.992420
0.897000 5.992420
0.897250 5.992420
0.897500 5.992420
0.897750 5.992420
0.898000 5.992420
0.898250 5.992420
0.898500 5.992420
0.898750 5.992420
0.899000 5.992420
0.899250 5.992420
0.899500 5.992420
0.899750 5.992420
0.900000 5.992420
0.900250 5.992420
0.900500 5.992420
0.900750 5.992420
0.901000 5.992420
0.901250 5.992420
0.901500 5.992420
0.901750 5.992420
0.902000 5.992420
0.902250 5.992420
0.902500 5.992420
0.902750 5.992420
0.903000 5.992420
0.903250 5.992420
0.903500 5.992420
0.903750 5.992420
0.904000 5.992420
0.904250 5.992420
0.904500 5.992420
0.904750 5.992420
0.905000 5.992420
0.905250 5.992420
0.905500 5.992420
0.905750 5.992420
0.906000 5.992420
0.906250 5.992420
0.906500 5.992420
0.906750 5.992420
0.907000 5.992420
0.907250 5.992420
0.907500 5.992420
0.907750 5.992420
0.908000 5.992420
0.908250 5.992420
0.908500 5.992420
0.908750 5.992420
0.909000 5.992420
0.909250 5.992420
0.909500 5.992420
0.909750 5.992420
0.910000 5.992420
0.910250 5.992420
0.910500 5.992420
0.910750 5.992420
0.911000 5.992420
0.911250 5.992420
0.911500 5.992420
0.911750 5.992420
0.912000 5.992420
0.912250 5.992420
0.912500 5.992420
0.912750 5.992420
0.913000 5.992420
0.913250 5.992420
0.913500 5.992420
0.913750 5.992420
0.914000 5.992420
0.914250 5.992420
0.914500 5.992420
0.914750 5.992420
0.915000 5.992420
0.915250 5.992420
0.915500 5.992420
0.915750 5.992420
0.916000 5.992420
0.916250 5.992420
0.916500 5.992420
0.916750 5.992420
0.917000 5.992420
0.917250 5.992420
0.917500 5.992420
0.917750 5.992420
0.918000 5.992420
0.918250 5.992420
0.918500 5.992420
0.918750 5.992420
0.919000 5.992420
0.919250 5.992420
0.919500 5.992420
0.919750 5.992420
0.920000 5.992420
0.920250 5.992420
0.920500 5.992420
0.920750 5.992420
0.921000 5.992420
0.921250 5.992420
0.921500 5.992420
0.921750 5.992420
0.922000 5.992420
0.922250 5.992420
0.922500 5.992420
0.922750 5.992420
0.923000 5.992420
0.923250 5.992420
0.923500 5.992420
0.923750 5.992420
0.924000 5.992420
0.924250 5.992420
0.924500 5.992420
0.924750 5.992420
0.925000 5.992420
0.925250 5.992420
0.925500 5.992420
0.925750 5.992420
0.926000 5.992420
0.926250 5.992420
0.926500 5.992420
0.926750 5.992420
0.927000 5.992420
0.927250 5.992420
0.927500 5.992420
0.927750 5.992420
0.928000 5.992420
0.928250 5.992420
0.928500 5.992420
0.928750 5.992420
0.929000 5.992420
0.929250 5.992420
0.929500 5.992420
0.929750 5.992420
0.930000 5.992420
0.930250 5.992420
0.930500 5.992420
0.930750 5.992420
0.931000 5.992420
0.931250 5.992420
0.931500 5.992420
0.931750 5.992420
0.932000 5.992420
0.932250 5.992420
0.932500 5.992420
0.932750 5.992420
0.933000 5.992420
0.933250 5.992420
0.933500 5.992420
0.933750 5.992420
0.934000 5.992420
0.934250 5.992420
0.934500 5.992420
0.934750 5.992420
0.935000 5.992420
0.935250 5.992420
0.935500 5.992420
0.935750 5.992420
0.936000 5.992420
0.936250 5.992420
0.936500 5.992420
0.936750 5.992420
0.937000 5.992420
0.937250 5.992420
0.937500 5.992420
0.937750 5.992420
0.938000 5.992420
0.938250 5.992420
0.938500 5.992420
0.938750 5.992420
0.939000 5.992420
0.939250 5.992420
0.939500 5.992420
0.939750 5.992420
0.940000 5.992420
0.940250 5.992420
0.940500 5.992420
0.940750 5.992420
0.941000 5.992420
0.941250 5.992420
0.941500 5.992420
0.941750 5.992420
0.942000 5.992420
0.942250 5.992420
0.942500 5.992420
0.942750 5.992420
0.943000 5.992420
0.943250 5.992420
0.943500 5.992420
0.943750 5.992420
0.944000 5.992420
0.944250 5.992420
0.944500 5.992420
0.944750 5.992420
0.945000 5.992420
0.945250 5.992420
0.945500 5.992420
0.945750 5.992420
0.946000 5.992420
0.946250 5.992420
0.946500 5.992420
0.946750 5.992420
0.947000 5.992420
0.947250 5.992420
0.947500 5.992420
0.947750 5.992420
0.948000 5.992420
0.948250 5.992420
0.948500 5.992420
0.948750 5.992420
0.949000 5.992420
0.949250 5.992420
0.949500 5.992420
0.949750 5.992420
0.950000 5.992420
0.950250 5.992420
0.950500 5.992420
0.950750 5.992420
0.951000 5.992420
0.951250 5.992420
0.951500 5.992420
0.951750 5.992420
0.952000 5.992420
0.952250 5.992420
0.952500 5.992420
0.952750 5.992420
0.953000 5.992420
0.953250 5.992420
0.953500 5.992420
0.953750 5.992420
0.954000 5.992420
0.954250 5.992420
0.954500 5.992420
0.954750 5.992420
0.955000 5.992420
0.955250 5.992420
0.955500 5.992420
0.955750 5.992420
0.956000 5.992420
0.956250 5.992420
0.956500 5.992420
0.956750 5.992420
0.957000 5.992420
0.957250 5.992420
0.957500 5.992420
0.957750 5.992420
0.958000 5.992420
0.958250 5.992420
0.958500 5.992420
0.958750 5.992420
0.959000 5.992420
0.959250 5.992420
0.959500 5.992420
0.959750 5.992420
0.960000 5.992420
0.960250 5.992420
0.960500 5.992420
0.960750 5.992420
0.961000 5.992420
0.961250 5.992420
0.961500 5.992420
0.961750 5.992420
0.962000 5.992420
0.962250 5.992420
0.962500 5.992420
0.962750 5.992420
0.963000 5.992420
0.963250 5.992420
0.963500 5.992420
0.963750 5.992420
0.964000 5.992420
0.964250 5.992420
0.964500 5.992420
0.964750 5.992420
0.965000 5.992420
0.965250 5.992420
0.965500 5.992420
0.965750 5.992420
0.966000 5.992420
0.966250 5.992420
0.966500 5.992420
0.966750 5.992420
0.967000 5.992420
0.967250 5.992420
0.967500 5.992420
0.967750 5.992420
0.968000 5.992420
0.968250 5.992420
0.968500 5.992420
0.968750 5.992420
0.969000 5.992420
0.969250 5.992420
0.969500 5.992420
0.969750 5.992420
0.970000 5.992420
0.970250 5.992420
0.970500 5.992420
0.970750 5.992420
0.971000 5.992420
0.971250 5.992420
0.971500 5.992420
0.971750 5.992420
0.972000 5.992420
0.972250 5.992420
0.972500 5.992420
0.972750 5.992420
0.973000 5.992420
0.973250 5.992420
0.973500 5.992420
0.973750 5.992420
0.974000 5.992420
0.974250 5.992420
0.974500 5.992420
0.974750 5.992420
0.975000 5.992420
0.975250 5.992420
0.975500 5.992420
0.975750 5.992420
0.976000 5.992420
0.976250 5.992420
0.976500 5.992420
0.976750 5.992420
0.977000 5.992420
0.977250 5.992420
0.977500 5.992420
0.977750 5.992420
0.978000 5.992420
0.978250 5.992420
0.978500 5.992420
0.978750 5.992420
0.979000 5.992420
0.979250 5.992420
0.979500 5.992420
0.979750 5.992420
0.980000 5.992420
0.980250 5.992420
0.980500 5.992420
0.980750 5.992420
0.981000 5.992420
0.981250 5.992420
0.981500 5.992420
0.981750 5.992420
0.982000 5.992420
0.982250 5.992420
0.982500 5.992420
0.982750 5.992420
0.983000 5.992420
0.983250 5.992420
0.983500 5.992420
0.983750 5.992420
0.984000 5.992420
0.984250 5.992420
0.984500 5.992420
0.984750 5.992420
0.985000 5.992420
0.985250 5.992420
0.985500 5.992420
0.985750 5.992420
0.986000 5.992420
0.986250 5.992420
0.986500 5.992420
0.986750 5.992420
0.987000 5.992420
0.987250 5.992420
0.987500 5.992420
0.987750 5.992420
0.988000 5.992420
0.988250 5.992420
0.988500 5.992420
0.988750 5.992420
0.989000 5.992420
0.989250 5.992420
0.989500 5.992420
0.989750 5.992420
0.990000 5.992420
0.990250 5.992420
0.990500 5.992420
0.990750 5.992420
0.991000 5.992420
0.991250 5.992420
0.991500 5.992420
0.991750 5.992420
0.992000 5.992420
0.992250 5.992420
0.992500 5.992420
0.992750 5.992420
0.993000 5.992420
0.993250 5.992420
0.993500 5.992420
0.993750 5.992420
0.994000 5.992420
0.994250 5.992420
0.994500 5.992420
0.994750 5.992420
0.995000 5.992420
0.995250 5.992420
0.995500 5.992420
0.995750 5.992420
0.996000 5.992420
0.996250 5.992420
0.996500 5.992420
0.996750 5.992420
0.997000 5.992420
0.997250 5.992420
0.997500 5.992420
0.997750 5.992420
0.998000 5.992420
0.998250 5.992420
0.998500 5.992420
0.998750 5.992420
0.999000 5.992420
0.999250 5.992420
0.999500 5.992420
0.999750 5.992420
1.000000 5.992420
