0.000000 5.999240
0.002500 5.999240
0.005000 5.999240
0.007500 5.999240
0.010000 5.999240
0.012500 5.999240
0.015000 5.999240
0.017500 5.999240
0.020000 5.999240
0.022500 5.999240
0.025000 5.999240
0.027500 5.999240
0.030000 5.999240
0.032500 5.999240
0.035000 5.999240
0.037500 5.999240
0.040000 5.999240
0.042500 5.999240
0.045000 5.999240
0.047500 5.999240
0.050000 5.999240
0.052500 5.999240
0.055000 5.999240
0.057500 5.999240
0.060000 5.999240
0.062500 5.999240
0.065000 5.999240
0.067500 5.999240
0.070000 5.999240
0.072500 5.999240
0.075000 5.999240
0.077500 5.999240
0.080000 5.999240
0.082500 5.999240
0.085000 5.999240
0.087500 5.999240
0.090000 5.999240
0.092500 5.999240
0.095000 5.999240
0.097500 5.999240
0.100000 5.999240
0.102500 5.999240
0.105000 5.999240
0.107500 5.999240
0.110000 5.999240
0.112500 5.999240
0.115000 5.999240
0.117500 5.999240
0.120000 5.999240
0.122500 5.999240
0.125000 5.999240
0.127500 5.999240
0.130000 5.999240
0.132500 5.999240
0.135000 5.999240
0.137500 5.999240
0.140000 5.999240
0.142500 5.999240
0.145000 5.999240
0.147500 5.999240
0.150000 5.999240
0.152500 5.999240
0.155000 5.999240
0.157500 5.999240
0.160000 5.999240
0.162500 5.999240
0.165000 5.999240
0.167500 5.999240
0.170000 5.999240
0.172500 5.999240
0.175000 5.999240
0.177500 5.999240
0.180000 5.999240
0.182500 5.999240
0.185000 5.999240
0.187500 5.999240
0.190000 5.999240
0.192500 5.999240
0.195000 5.999240
0.197500 5.999240
0.200000 5.999240
0.202500 5.999240
0.205000 5.999240
0.207500 5.999240
0.210000 5.999240
0.212500 5.999240
0.215000 5.999240
0.217500 5.999240
0.220000 5.999240
0.222500 5.999240
0.225000 5.999240
0.227500 5.999240
0.230000 5.999240
0.232500 5.999240
0.235000 5.999240
0.237500 5.999240
0.240000 5.999240
0.242500 5.999240
0.245000 5.999240
0.247500 5.999240
0.250000 5.999240
0.252500 5.999240
0.255000 5.999240
0.257500 5.999240
0.260000 5.999240
0.262500 5.999240
0.265000 5.999240
0.267500 5.999240
0.270000 5.999240
0.272500 5.999240
0.275000 5.999240
0.277500 5.999240
0.280000 5.999240
0.282500 5.999240
0.285000 5.999240
0.287500 5.999240
0.290000 5.999240
0.292500 5.999240
0.295000 5.999240
0.297500 5.999240
0.300000 5.999240
0.302500 5.999240
0.305000 5.999240
0.307500 5.999240
0.310000 5.999240
0.312500 5.999240
0.315000 5.999240
0.317500 5.999240
0.320000 5.999240
0.322500 5.999240
0.325000 5.999240
0.327500 5.999240
0.330000 5.999240
0.332500 5.999240
0.335000 5.999240
0.337500 5.999240
0.340000 5.999240
0.342500 5.999240
0.345000 5.999240
0.347500 5.999240
0.350000 5.999240
0.352500 5.999240
0.355000 5.999240
0.357500 5.999240
0.360000 5.999240
0.362500 5.999240
0.365000 5.999240
0.367500 5.999240
0.370000 5.999240
0.372500 5.999240
0.375000 5.999240
0.377500 5.999240
0.380000 5.999240
0.382500 5.999240
0.385000 5.999240
0.387500 5.999240
0.390000 5.999240
0.392500 5.999240
0.395000 5.999240
0.397500 5.999240
0.400000 5.999240
0.402500 5.999240
0.405000 5.999240
0.407500 5.999240
0.410000 5.999240
0.412500 5.999240
0.415000 5.999240
0.417500 5.999240
0.420000 5.999240
0.422500 5.999240
0.425000 6.001200
0.427500 11.704020
0.430000 14.193910
0.432500 14.218410
0.435000 14.286040
0.437500 14.345060
0.440000 14.354300
0.442500 14.343940
0.445000 14.301760
0.447500 14.254410
0.450000 14.240710
0.452500 14.246990
0.455000 14.256010
0.457500 14.279590
0.460000 14.321340
0.462500 14.347150
0.465000 14.345900
0.467500 14.334570
0.470000 14.308500
0.472500 14.269540
0.475000 14.245310
0.477500 14.239910
0.480000 14.240770
0.482500 14.253150
0.485000 14.277720
0.487500 14.293590
0.490000 14.295010
0.492500 14.291870
0.495000 14.280360
0.497500 14.258960
0.500000 14.244180
0.502500 14.241940
0.505000 14.244920
0.507500 14.256280
0.510000 14.278320
0.512500 14.298600
0.515000 14.309840
0.517500 14.315380
0.520000 14.312580
0.522500 14.300710
0.525000 14.291210
0.527500 14.289080
0.530000 14.288580
0.532500 14.290010
0.535000 14.295040
0.537500 14.297850
0.540000 14.295400
0.542500 14.291450
0.545000 14.285040
0.547500 14.274660
0.550000 14.266010
0.552500 14.262690
0.555000 14.261930
0.557500 14.264090
0.560000 14.270090
0.562500 14.275220
0.565000 14.276490
0.567500 14.276450
0.570000 14.275530
0.572500 14.273390
0.575000 14.273990
0.577500 14.280030
0.580000 14.288070
0.582500 14.295760
0.585000 14.302940
0.587500 14.307460
0.590000 14.308430
0.592500 14.308080
0.595000 14.306050
0.597500 14.301010
0.600000 14.294430
0.602500 14.288350
0.605000 14.282990
0.607500 14.279100
0.610000 14.277280
0.612500 14.275950
0.615000 14.273780
0.617500 14.271630
0.620000 14.269430
0.622500 14.266630
0.625000 14.264250
0.627500 14.263310
0.630000 14.263160
0.632500 14.263850
0.635000 14.266300
0.637500 14.270430
0.640000 14.275530
0.642500 14.281890
0.645000 14.288860
0.647500 14.294270
0.650000 14.297430
0.652500 14.298980
0.655000 14.299550
0.657500 14.300210
0.660000 14.301410
0.662500 14.302630
0.665000 14.302570
0.667500 14.300550
0.670000 14.297340
0.672500 14.294710
0.675000 14.294490
0.677500 14.299170
0.680000 14.313310
0.682500 14.345670
0.685000 14.412230
0.687500 14.541010
0.690000 14.778960
0.692500 15.201210
0.695000 15.921140
0.697500 17.089530
0.700000 18.848250
0.702500 21.174920
0.705000 23.714360
0.707500 26.013960
0.710000 27.836050
0.712500 29.136180
0.715000 29.986530
0.717500 30.503700
0.720000 30.796680
0.722500 30.947950
0.725000 31.013380
0.727500 31.030960
0.730000 31.028580
0.732500 31.021760
0.735000 31.016910
0.737500 31.014850
0.740000 31.012760
0.742500 31.009750
0.745000 31.008510
0.747500 31.014150
0.750000 31.028340
0.752500 31.045880
0.755000 31.060040
0.757500 31.069400
0.760000 31.075700
0.762500 31.079110
0.765000 31.078290
0.767500 31.072530
0.770000 31.059910
0.772500 31.040210
0.775000 31.019470
0.777500 31.005460
0.780000 31.000310
0.782500 31.000130
0.785000 31.001920
0.787500 31.007730
0.790000 31.019870
0.792500 31.036220
0.795000 31.053500
0.797500 31.068330
0.800000 31.077620
0.802500 31.079090
0.805000 31.072580
0.807500 31.061340
0.810000 31.052480
0.812500 31.046250
0.815000 31.039070
0.817500 31.035990
0.820000 31.029230
0.822500 30.923960
0.825000 29.893060
0.827500 23.736710
0.830000 11.598330
0.832500 6.198020
0.835000 5.992420
0.837500 5.992420
0.840000 5.992420
0.842500 5.992420
0.845000 5.992420
0.847500 5.992420
0.850000 5.992420
0.852500 5.992420
0.855000 5.992420
0.857500 5.992420
0.860000 5.992420
0.862500 5.992420
0.865000 5.992420
0.867500 5.992420
0.870000 5.992420
0.872500 5.992420
0.875000 5.992420
0.877500 5.992420
0.880000 5.992420
0.882500 5.992420
0.885000 5.992420
0.887500 5.992420
0.890000 5.992420
0.892500 5.992420
0.895000 5.992420
0.897500 5.992420
0.900000 5.992420
0.902500 5.992420
0.905000 5.992420
0.907500 5.992420
0.910000 5.992420
0.912500 5.992420
0.915000 5.992420
0.917500 5.992420
0.920000 5.992420
0.922500 5.992420
0.925000 5.992420
0.927500 5.992420
0.930000 5.992420
0.932500 5.992420
0.935000 5.992420
0.937500 5.992420
0.940000 5.992420
0.942500 5.992420
0.945000 5.992420
0.947500 5.992420
0.950000 5.992420
0.952500 5.992420
0.955000 5.992420
0.957500 5.992420
0.960000 5.992420
0.962500 5.992420
0.965000 5.992420
0.967500 5.992420
0.970000 5.992420
0.972500 5.992420
0.975000 5.992420
0.977500 5.992420
0.980000 5.992420
0.982500 5.992420
0.985000 5.992420
0.987500 5.992420
0.990000 5.992420
0.992500 5.992420
0.995000 5.992420
0.997500 5.992420
1.000000 5.992420
