0.000000 0.999990
0.002500 0.999990
0.005000 0.999990
0.007500 0.999990
0.010000 0.999980
0.012500 0.999970
0.015000 0.999940
0.017500 0.999910
0.020000 0.999850
0.022500 0.999760
0.025000 0.999620
0.027500 0.999410
0.030000 0.999120
0.032500 0.998690
0.035000 0.998110
0.037500 0.997310
0.040000 0.996280
0.042500 0.994950
0.045000 0.993300
0.047500 0.991320
0.050000 0.989000
0.052500 0.986340
0.055000 0.983380
0.057500 0.980150
0.060000 0.976700
0.062500 0.973050
0.065000 0.969260
0.067500 0.965360
0.070000 0.961360
0.072500 0.957300
0.075000 0.953200
0.077500 0.949050
0.080000 0.944880
0.082500 0.940700
0.085000 0.936500
0.087500 0.932290
0.090000 0.928070
0.092500 0.923860
0.095000 0.919640
0.097500 0.915430
0.100000 0.911220
0.102500 0.907020
0.105000 0.902820
0.107500 0.898630
0.110000 0.894450
0.112500 0.890280
0.115000 0.886120
0.117500 0.881960
0.120000 0.877820
0.122500 0.873690
0.125000 0.869570
0.127500 0.865460
0.130000 0.861360
0.132500 0.857270
0.135000 0.853200
0.137500 0.849140
0.140000 0.845090
0.142500 0.841050
0.145000 0.837030
0.147500 0.833020
0.150000 0.829020
0.152500 0.825040
0.155000 0.821070
0.157500 0.817110
0.160000 0.813160
0.162500 0.809230
0.165000 0.805310
0.167500 0.801410
0.170000 0.797520
0.172500 0.793640
0.175000 0.789780
0.177500 0.785930
0.180000 0.782090
0.182500 0.778270
0.185000 0.774460
0.187500 0.770660
0.190000 0.766880
0.192500 0.763110
0.195000 0.759360
0.197500 0.755620
0.200000 0.751890
0.202500 0.748180
0.205000 0.744480
0.207500 0.740800
0.210000 0.737130
0.212500 0.733470
0.215000 0.729830
0.217500 0.726200
0.220000 0.722590
0.222500 0.718990
0.225000 0.715400
0.227500 0.711830
0.230000 0.708270
0.232500 0.704720
0.235000 0.701190
0.237500 0.697680
0.240000 0.694170
0.242500 0.690690
0.245000 0.687210
0.247500 0.683750
0.250000 0.680310
0.252500 0.676870
0.255000 0.673460
0.257500 0.670050
0.260000 0.666660
0.262500 0.663290
0.265000 0.659930
0.267500 0.656580
0.270000 0.653240
0.272500 0.649930
0.275000 0.646620
0.277500 0.643330
0.280000 0.640050
0.282500 0.636790
0.285000 0.633540
0.287500 0.630300
0.290000 0.627080
0.292500 0.623870
0.295000 0.620680
0.297500 0.617500
0.300000 0.614330
0.302500 0.611180
0.305000 0.608040
0.307500 0.604910
0.310000 0.601800
0.312500 0.598700
0.315000 0.595620
0.317500 0.592550
0.320000 0.589490
0.322500 0.586450
0.325000 0.583410
0.327500 0.580390
0.330000 0.577370
0.332500 0.574380
0.335000 0.571460
0.337500 0.568760
0.340000 0.566520
0.342500 0.564910
0.345000 0.563930
0.347500 0.563420
0.350000 0.563220
0.352500 0.563160
0.355000 0.563190
0.357500 0.563420
0.360000 0.564140
0.362500 0.565560
0.365000 0.567560
0.367500 0.569360
0.370000 0.570550
0.372500 0.571320
0.375000 0.571870
0.377500 0.572290
0.380000 0.572660
0.382500 0.572970
0.385000 0.573250
0.387500 0.573500
0.390000 0.573710
0.392500 0.573900
0.395000 0.574060
0.397500 0.574210
0.400000 0.574340
0.402500 0.574460
0.405000 0.574560
0.407500 0.574650
0.410000 0.574740
0.412500 0.574810
0.415000 0.574870
0.417500 0.574930
0.420000 0.574980
0.422500 0.575030
0.425000 0.575060
0.427500 0.575100
0.430000 0.575130
0.432500 0.575150
0.435000 0.575170
0.437500 0.575190
0.440000 0.575210
0.442500 0.575220
0.445000 0.575230
0.447500 0.575240
0.450000 0.575250
0.452500 0.575250
0.455000 0.575250
0.457500 0.575260
0.460000 0.575260
0.462500 0.575260
0.465000 0.575260
0.467500 0.575260
0.470000 0.575250
0.472500 0.575250
0.475000 0.575250
0.477500 0.575240
0.480000 0.575230
0.482500 0.575220
0.485000 0.575210
0.487500 0.575200
0.490000 0.575180
0.492500 0.575160
0.495000 0.575140
0.497500 0.575120
0.500000 0.575090
0.502500 0.575070
0.505000 0.575050
0.507500 0.575030
0.510000 0.575010
0.512500 0.575000
0.515000 0.575000
0.517500 0.575000
0.520000 0.574990
0.522500 0.574990
0.525000 0.574990
0.527500 0.574990
0.530000 0.574990
0.532500 0.575000
0.535000 0.575000
0.537500 0.575000
0.540000 0.575010
0.542500 0.575010
0.545000 0.575020
0.547500 0.575020
0.550000 0.575020
0.552500 0.575030
0.555000 0.575030
0.557500 0.575030
0.560000 0.575030
0.562500 0.575040
0.565000 0.575040
0.567500 0.575040
0.570000 0.575040
0.572500 0.575050
0.575000 0.575050
0.577500 0.575050
0.580000 0.575050
0.582500 0.575050
0.585000 0.575050
0.587500 0.575050
0.590000 0.575060
0.592500 0.575060
0.595000 0.575060
0.597500 0.575060
0.600000 0.575060
0.602500 0.575060
0.605000 0.575060
0.607500 0.575060
0.610000 0.575070
0.612500 0.575070
0.615000 0.575070
0.617500 0.575070
0.620000 0.575070
0.622500 0.575070
0.625000 0.575070
0.627500 0.575070
0.630000 0.575070
0.632500 0.575070
0.635000 0.575070
0.637500 0.575070
0.640000 0.575070
0.642500 0.575070
0.645000 0.575080
0.647500 0.575080
0.650000 0.575080
0.652500 0.575080
0.655000 0.575080
0.657500 0.575080
0.660000 0.575080
0.662500 0.575080
0.665000 0.575080
0.667500 0.575080
0.670000 0.575080
0.672500 0.575080
0.675000 0.575080
0.677500 0.575080
0.680000 0.575080
0.682500 0.575080
0.685000 0.575080
0.687500 0.575090
0.690000 0.575100
0.692500 0.575140
0.695000 0.575230
0.697500 0.575410
0.700000 0.575770
0.702500 0.576510
0.705000 0.577970
0.707500 0.580780
0.710000 0.586130
0.712500 0.596120
0.715000 0.614420
0.717500 0.647340
0.720000 0.705450
0.722500 0.806030
0.725000 0.976530
0.727500 1.259170
0.730000 1.714310
0.732500 2.399350
0.735000 3.255260
0.737500 4.070920
0.740000 4.712380
0.742500 5.170910
0.745000 5.481410
0.747500 5.683500
0.750000 5.810750
0.752500 5.888620
0.755000 5.935110
0.757500 5.962310
0.760000 5.977950
0.762500 5.986830
0.765000 5.991750
0.767500 5.994080
0.770000 5.993490
0.772500 5.985490
0.775000 5.950380
0.777500 5.811680
0.780000 5.301220
0.782500 3.808220
0.785000 1.763610
0.787500 1.072830
0.790000 1.009010
0.792500 1.000170
0.795000 1.000000
0.797500 1.000000
0.800000 1.000000
0.802500 1.000000
0.805000 1.000000
0.807500 1.000000
0.810000 1.000000
0.812500 1.000000
0.815000 1.000000
0.817500 1.000000
0.820000 1.000000
0.822500 1.000000
0.825000 1.000000
0.827500 1.000000
0.830000 1.000000
0.832500 1.000000
0.835000 1.000000
0.837500 1.000000
0.840000 1.000000
0.842500 1.000000
0.845000 1.000000
0.847500 1.000000
0.850000 1.000000
0.852500 1.000000
0.855000 1.000000
0.857500 1.000000
0.860000 1.000000
0.862500 1.000000
0.865000 1.000000
0.867500 1.000000
0.870000 1.000000
0.872500 1.000000
0.875000 1.000000
0.877500 1.000000
0.880000 1.000000
0.882500 1.000000
0.885000 1.000000
0.887500 1.000000
0.890000 1.000000
0.892500 1.000000
0.895000 1.000000
0.897500 1.000000
0.900000 1.000000
0.902500 1.000000
0.905000 1.000000
0.907500 1.000000
0.910000 1.000000
0.912500 1.000000
0.915000 1.000000
0.917500 1.000000
0.920000 1.000000
0.922500 1.000000
0.925000 1.000000
0.927500 1.000000
0.930000 1.000000
0.932500 1.000000
0.935000 1.000000
0.937500 1.000000
0.940000 1.000000
0.942500 1.000000
0.945000 1.000000
0.947500 1.000000
0.950000 1.000000
0.952500 1.000000
0.955000 1.000000
0.957500 1.000000
0.960000 1.000000
0.962500 1.000000
0.965000 1.000000
0.967500 1.000000
0.970000 1.000000
0.972500 1.000000
0.975000 1.000000
0.977500 1.000000
0.980000 1.000000
0.982500 1.000000
0.985000 1.000000
0.987500 1.000000
0.990000 1.000000
0.992500 1.000000
0.995000 1.000000
0.997500 1.000000
1.000000 1.000000
