0.000000 1.000000
0.000250 1.000000
0.000500 1.000000
0.000750 1.000000
0.001000 1.000000
0.001250 1.000000
0.001500 1.000000
0.001750 1.000000
0.002000 1.000000
0.002250 1.000000
0.002500 1.000000
0.002750 1.000000
0.003000 1.000000
0.003250 1.000000
0.003500 1.000000
0.003750 1.000000
0.004000 1.000000
0.004250 1.000000
0.004500 1.000000
0.004750 1.000000
0.005000 1.000000
0.005250 1.000000
0.005500 1.000000
0.005750 1.000000
0.006000 1.000000
0.006250 1.000000
0.006500 1.000000
0.006750 1.000000
0.007000 1.000000
0.007250 1.000000
0.007500 1.000000
0.007750 1.000000
0.008000 1.000000
0.008250 1.000000
0.008500 1.000000
0.008750 1.000000
0.009000 1.000000
0.009250 1.000000
0.009500 1.000000
0.009750 1.000000
0.010000 1.000000
0.010250 1.000000
0.010500 1.000000
0.010750 1.000000
0.011000 1.000000
0.011250 0.999990
0.011500 0.999990
0.011750 0.999990
0.012000 0.999990
0.012250 0.999990
0.012500 0.999990
0.012750 0.999990
0.013000 0.999990
0.013250 0.999990
0.013500 0.999990
0.013750 0.999990
0.014000 0.999990
0.014250 0.999990
0.014500 0.999980
0.014750 0.999980
0.015000 0.999980
0.015250 0.999980
0.015500 0.999980
0.015750 0.999980
0.016000 0.999970
0.016250 0.999970
0.016500 0.999970
0.016750 0.999970
0.017000 0.999970
0.017250 0.999960
0.017500 0.999960
0.017750 0.999960
0.018000 0.999950
0.018250 0.999950
0.018500 0.999950
0.018750 0.999940
0.019000 0.999940
0.019250 0.999930
0.019500 0.999930
0.019750 0.999920
0.020000 0.999920
0.020250 0.999910
0.020500 0.999900
0.020750 0.999900
0.021000 0.999890
0.021250 0.999880
0.021500 0.999870
0.021750 0.999870
0.022000 0.999860
0.022250 0.999850
0.022500 0.999840
0.022750 0.999830
0.023000 0.999820
0.023250 0.999800
0.023500 0.999790
0.023750 0.999780
0.024000 0.999760
0.024250 0.999750
0.024500 0.999730
0.024750 0.999720
0.025000 0.999700
0.025250 0.999680
0.025500 0.999660
0.025750 0.999640
0.026000 0.999620
0.026250 0.999600
0.026500 0.999570
0.026750 0.999550
0.027000 0.999520
0.027250 0.999500
0.027500 0.999470
0.027750 0.999440
0.028000 0.999410
0.028250 0.999380
0.028500 0.999340
0.028750 0.999310
0.029000 0.999270
0.029250 0.999230
0.029500 0.999190
0.029750 0.999150
0.030000 0.999110
0.030250 0.999060
0.030500 0.999020
0.030750 0.998970
0.031000 0.998920
0.031250 0.998860
0.031500 0.998810
0.031750 0.998750
0.032000 0.998690
0.032250 0.998630
0.032500 0.998570
0.032750 0.998510
0.033000 0.998440
0.033250 0.998370
0.033500 0.998300
0.033750 0.998220
0.034000 0.998150
0.034250 0.998070
0.034500 0.997990
0.034750 0.997900
0.035000 0.997820
0.035250 0.997730
0.035500 0.997630
0.035750 0.997540
0.036000 0.997440
0.036250 0.997340
0.036500 0.997240
0.036750 0.997130
0.037000 0.997030
0.037250 0.996920
0.037500 0.996800
0.037750 0.996680
0.038000 0.996560
0.038250 0.996440
0.038500 0.996320
0.038750 0.996190
0.039000 0.996050
0.039250 0.995920
0.039500 0.995780
0.039750 0.995640
0.040000 0.995500
0.040250 0.995350
0.040500 0.995200
0.040750 0.995050
0.041000 0.994890
0.041250 0.994730
0.041500 0.994570
0.041750 0.994400
0.042000 0.994240
0.042250 0.994060
0.042500 0.993890
0.042750 0.993710
0.043000 0.993530
0.043250 0.993350
0.043500 0.993160
0.043750 0.992970
0.044000 0.992780
0.044250 0.992580
0.044500 0.992380
0.044750 0.992180
0.045000 0.991970
0.045250 0.991760
0.045500 0.991550
0.045750 0.991340
0.046000 0.991120
0.046250 0.990900
0.046500 0.990680
0.046750 0.990450
0.047000 0.990220
0.047250 0.989990
0.047500 0.989760
0.047750 0.989520
0.048000 0.989280
0.048250 0.989040
0.048500 0.988790
0.048750 0.988540
0.049000 0.988290
0.049250 0.988040
0.049500 0.987780
0.049750 0.987520
0.050000 0.987260
0.050250 0.987000
0.050500 0.986730
0.050750 0.986460
0.051000 0.986190
0.051250 0.985920
0.051500 0.985640
0.051750 0.985360
0.052000 0.985080
0.052250 0.984800
0.052500 0.984510
0.052750 0.984230
0.053000 0.983940
0.053250 0.983640
0.053500 0.983350
0.053750 0.983050
0.054000 0.982750
0.054250 0.982450
0.054500 0.982150
0.054750 0.981850
0.055000 0.981540
0.055250 0.981230
0.055500 0.980920
0.055750 0.980610
0.056000 0.980290
0.056250 0.979980
0.056500 0.979660
0.056750 0.979340
0.057000 0.979020
0.057250 0.978690
0.057500 0.978370
0.057750 0.978040
0.058000 0.977710
0.058250 0.977380
0.058500 0.977050
0.058750 0.976720
0.059000 0.976380
0.059250 0.976050
0.059500 0.975710
0.059750 0.975370
0.060000 0.975030
0.060250 0.974690
0.060500 0.974340
0.060750 0.974000
0.061000 0.973650
0.061250 0.973300
0.061500 0.972950
0.061750 0.972600
0.062000 0.972250
0.062250 0.971900
0.062500 0.971540
0.062750 0.971190
0.063000 0.970830
0.063250 0.970470
0.063500 0.970120
0.063750 0.969760
0.064000 0.969390
0.064250 0.969030
0.064500 0.968670
0.064750 0.968300
0.065000 0.967940
0.065250 0.967570
0.065500 0.967200
0.065750 0.966840
0.066000 0.966470
0.066250 0.966100
0.066500 0.965720
0.066750 0.965350
0.067000 0.964980
0.067250 0.964610
0.067500 0.964230
0.067750 0.963860
0.068000 0.963480
0.068250 0.963100
0.068500 0.962720
0.068750 0.962340
0.069000 0.961960
0.069250 0.961580
0.069500 0.961200
0.069750 0.960820
0.070000 0.960440
0.070250 0.960060
0.070500 0.959670
0.070750 0.959290
0.071000 0.958900
0.071250 0.958520
0.071500 0.958130
0.071750 0.957740
0.072000 0.957350
0.072250 0.956970
0.072500 0.956580
0.072750 0.956190
0.073000 0.955800
0.073250 0.955410
0.073500 0.955020
0.073750 0.954620
0.074000 0.954230
0.074250 0.953840
0.074500 0.953450
0.074750 0.953050
0.075000 0.952660
0.075250 0.952260
0.075500 0.951870
0.075750 0.951470
0.076000 0.951080
0.076250 0.950680
0.076500 0.950280
0.076750 0.949880
0.077000 0.949490
0.077250 0.949090
0.077500 0.948690
0.077750 0.948290
0.078000 0.947890
0.078250 0.947490
0.078500 0.947090
0.078750 0.946690
0.079000 0.946290
0.079250 0.945890
0.079500 0.945490
0.079750 0.945090
0.080000 0.944690
0.080250 0.944280
0.080500 0.943880
0.080750 0.943480
0.081000 0.943070
0.081250 0.942670
0.081500 0.942270
0.081750 0.941860
0.082000 0.941460
0.082250 0.941050
0.082500 0.940650
0.082750 0.940240
0.083000 0.939840
0.083250 0.939430
0.083500 0.939030
0.083750 0.938620
0.084000 0.938220
0.084250 0.937810
0.084500 0.937400
0.084750 0.937000
0.085000 0.936590
0.085250 0.936180
0.085500 0.935770
0.085750 0.935370
0.086000 0.934960
0.086250 0.934550
0.086500 0.934140
0.086750 0.933730
0.087000 0.933330
0.087250 0.932920
0.087500 0.932510
0.087750 0.932100
0.088000 0.931690
0.088250 0.931280
0.088500 0.930870
0.088750 0.930460
0.089000 0.930050
0.089250 0.929640
0.089500 0.929230
0.089750 0.928820
0.090000 0.928410
0.090250 0.928000
0.090500 0.927590
0.090750 0.927180
0.091000 0.926770
0.091250 0.926360
0.091500 0.925950
0.091750 0.925540
0.092000 0.925130
0.092250 0.924720
0.092500 0.924310
0.092750 0.923900
0.093000 0.923490
0.093250 0.923070
0.093500 0.922660
0.093750 0.922250
0.094000 0.921840
0.094250 0.921430
0.094500 0.921020
0.094750 0.920610
0.095000 0.920190
0.095250 0.919780
0.095500 0.919370
0.095750 0.918960
0.096000 0.918550
0.096250 0.918140
0.096500 0.917720
0.096750 0.917310
0.097000 0.916900
0.097250 0.916490
0.097500 0.916080
0.097750 0.915660
0.098000 0.915250
0.098250 0.914840
0.098500 0.914430
0.098750 0.914010
0.099000 0.913600
0.099250 0.913190
0.099500 0.912780
0.099750 0.912370
0.100000 0.911950
0.100250 0.911540
0.100500 0.911130
0.100750 0.910720
0.101000 0.910310
0.101250 0.909890
0.101500 0.909480
0.101750 0.909070
0.102000 0.908660
0.102250 0.908240
0.102500 0.907830
0.102750 0.907420
0.103000 0.907010
0.103250 0.906600
0.103500 0.906180
0.103750 0.905770
0.104000 0.905360
0.104250 0.904950
0.104500 0.904540
0.104750 0.904120
0.105000 0.903710
0.105250 0.903300
0.105500 0.902890
0.105750 0.902480
0.106000 0.902060
0.106250 0.901650
0.106500 0.901240
0.106750 0.900830
0.107000 0.900420
0.107250 0.900000
0.107500 0.899590
0.107750 0.899180
0.108000 0.898770
0.108250 0.898360
0.108500 0.897950
0.108750 0.897540
0.109000 0.897120
0.109250 0.896710
0.109500 0.896300
0.109750 0.895890
0.110000 0.895480
0.110250 0.895070
0.110500 0.894660
0.110750 0.894250
0.111000 0.893830
0.111250 0.893420
0.111500 0.893010
0.111750 0.892600
0.112000 0.892190
0.112250 0.891780
0.112500 0.891370
0.112750 0.890960
0.113000 0.890550
0.113250 0.890140
0.113500 0.889730
0.113750 0.889320
0.114000 0.888910
0.114250 0.888500
0.114500 0.888090
0.114750 0.887680
0.115000 0.887270
0.115250 0.886860
0.115500 0.886450
0.115750 0.886040
0.116000 0.885630
0.116250 0.885220
0.116500 0.884810
0.116750 0.884400
0.117000 0.883990
0.117250 0.883580
0.117500 0.883170
0.117750 0.882760
0.118000 0.882350
0.118250 0.881940
0.118500 0.881540
0.118750 0.881130
0.119000 0.880720
0.119250 0.880310
0.119500 0.879900
0.119750 0.879490
0.120000 0.879080
0.120250 0.878680
0.120500 0.878270
0.120750 0.877860
0.121000 0.877450
0.121250 0.877040
0.121500 0.876640
0.121750 0.876230
0.122000 0.875820
0.122250 0.875410
0.122500 0.875000
0.122750 0.874600
0.123000 0.874190
0.123250 0.873780
0.123500 0.873380
0.123750 0.872970
0.124000 0.872560
0.124250 0.872150
0.124500 0.871750
0.124750 0.871340
0.125000 0.870930
0.125250 0.870530
0.125500 0.870120
0.125750 0.869720
0.126000 0.869310
0.126250 0.868900
0.126500 0.868500
0.126750 0.868090
0.127000 0.867680
0.127250 0.867280
0.127500 0.866870
0.127750 0.866470
0.128000 0.866060
0.128250 0.865660
0.128500 0.865250
0.128750 0.864850
0.129000 0.864440
0.129250 0.864040
0.129500 0.863630
0.129750 0.863230
0.130000 0.862820
0.130250 0.862420
0.130500 0.862010
0.130750 0.861610
0.131000 0.861210
0.131250 0.860800
0.131500 0.860400
0.131750 0.859990
0.132000 0.859590
0.132250 0.859190
0.132500 0.858780
0.132750 0.858380
0.133000 0.857980
0.133250 0.857570
0.133500 0.857170
0.133750 0.856770
0.134000 0.856360
0.134250 0.855960
0.134500 0.855560
0.134750 0.855160
0.135000 0.854750
0.135250 0.854350
0.135500 0.853950
0.135750 0.853550
0.136000 0.853150
0.136250 0.852740
0.136500 0.852340
0.136750 0.851940
0.137000 0.851540
0.137250 0.851140
0.137500 0.850740
0.137750 0.850340
0.138000 0.849930
0.138250 0.849530
0.138500 0.849130
0.138750 0.848730
0.139000 0.848330
0.139250 0.847930
0.139500 0.847530
0.139750 0.847130
0.140000 0.846730
0.140250 0.846330
0.140500 0.845930
0.140750 0.845530
0.141000 0.845130
0.141250 0.844730
0.141500 0.844330
0.141750 0.843930
0.142000 0.843530
0.142250 0.843130
0.142500 0.842740
0.142750 0.842340
0.143000 0.841940
0.143250 0.841540
0.143500 0.841140
0.143750 0.840740
0.144000 0.840340
0.144250 0.839950
0.144500 0.839550
0.144750 0.839150
0.145000 0.838750
0.145250 0.838360
0.145500 0.837960
0.145750 0.837560
0.146000 0.837160
0.146250 0.836770
0.146500 0.836370
0.146750 0.835970
0.147000 0.835580
0.147250 0.835180
0.147500 0.834780
0.147750 0.834390
0.148000 0.833990
0.148250 0.833590
0.148500 0.833200
0.148750 0.832800
0.149000 0.832410
0.149250 0.832010
0.149500 0.831620
0.149750 0.831220
0.150000 0.830820
0.150250 0.830430
0.150500 0.830030
0.150750 0.829640
0.151000 0.829240
0.151250 0.828850
0.151500 0.828460
0.151750 0.828060
0.152000 0.827670
0.152250 0.827270
0.152500 0.826880
0.152750 0.826490
0.153000 0.826090
0.153250 0.825700
0.153500 0.825300
0.153750 0.824910
0.154000 0.824520
0.154250 0.824120
0.154500 0.823730
0.154750 0.823340
0.155000 0.822950
0.155250 0.822550
0.155500 0.822160
0.155750 0.821770
0.156000 0.821380
0.156250 0.820980
0.156500 0.820590
0.156750 0.820200
0.157000 0.819810
0.157250 0.819420
0.157500 0.819030
0.157750 0.818640
0.158000 0.818240
0.158250 0.817850
0.158500 0.817460
0.158750 0.817070
0.159000 0.816680
0.159250 0.816290
0.159500 0.815900
0.159750 0.815510
0.160000 0.815120
0.160250 0.814730
0.160500 0.814340
0.160750 0.813950
0.161000 0.813560
0.161250 0.813170
0.161500 0.812780
0.161750 0.812390
0.162000 0.812000
0.162250 0.811610
0.162500 0.811230
0.162750 0.810840
0.163000 0.810450
0.163250 0.810060
0.163500 0.809670
0.163750 0.809280
0.164000 0.808900
0.164250 0.808510
0.164500 0.808120
0.164750 0.807730
0.165000 0.807350
0.165250 0.806960
0.165500 0.806570
0.165750 0.806180
0.166000 0.805800
0.166250 0.805410
0.166500 0.805020
0.166750 0.804640
0.167000 0.804250
0.167250 0.803860
0.167500 0.803480
0.167750 0.803090
0.168000 0.802710
0.168250 0.802320
0.168500 0.801930
0.168750 0.801550
0.169000 0.801160
0.169250 0.800780
0.169500 0.800390
0.169750 0.800010
0.170000 0.799620
0.170250 0.799240
0.170500 0.798850
0.170750 0.798470
0.171000 0.798090
0.171250 0.797700
0.171500 0.797320
0.171750 0.796930
0.172000 0.796550
0.172250 0.796170
0.172500 0.795780
0.172750 0.795400
0.173000 0.795020
0.173250 0.794630
0.173500 0.794250
0.173750 0.793870
0.174000 0.793480
0.174250 0.793100
0.174500 0.792720
0.174750 0.792340
0.175000 0.791960
0.175250 0.791570
0.175500 0.791190
0.175750 0.790810
0.176000 0.790430
0.176250 0.790050
0.176500 0.789670
0.176750 0.789280
0.177000 0.788900
0.177250 0.788520
0.177500 0.788140
0.177750 0.787760
0.178000 0.787380
0.178250 0.787000
0.178500 0.786620
0.178750 0.786240
0.179000 0.785860
0.179250 0.785480
0.179500 0.785100
0.179750 0.784720
0.180000 0.784340
0.180250 0.783960
0.180500 0.783580
0.180750 0.783200
0.181000 0.782830
0.181250 0.782450
0.181500 0.782070
0.181750 0.781690
0.182000 0.781310
0.182250 0.780930
0.182500 0.780550
0.182750 0.780180
0.183000 0.779800
0.183250 0.779420
0.183500 0.779040
0.183750 0.778670
0.184000 0.778290
0.184250 0.777910
0.184500 0.777540
0.184750 0.777160
0.185000 0.776780
0.185250 0.776400
0.185500 0.776030
0.185750 0.775650
0.186000 0.775280
0.186250 0.774900
0.186500 0.774520
0.186750 0.774150
0.187000 0.773770
0.187250 0.773400
0.187500 0.773020
0.187750 0.772650
0.188000 0.772270
0.188250 0.771900
0.188500 0.771520
0.188750 0.771150
0.189000 0.770770
0.189250 0.770400
0.189500 0.770020
0.189750 0.769650
0.190000 0.769280
0.190250 0.768900
0.190500 0.768530
0.190750 0.768160
0.191000 0.767780
0.191250 0.767410
0.191500 0.767040
0.191750 0.766660
0.192000 0.766290
0.192250 0.765920
0.192500 0.765540
0.192750 0.765170
0.193000 0.764800
0.193250 0.764430
0.193500 0.764060
0.193750 0.763680
0.194000 0.763310
0.194250 0.762940
0.194500 0.762570
0.194750 0.762200
0.195000 0.761830
0.195250 0.761450
0.195500 0.761080
0.195750 0.760710
0.196000 0.760340
0.196250 0.759970
0.196500 0.759600
0.196750 0.759230
0.197000 0.758860
0.197250 0.758490
0.197500 0.758120
0.197750 0.757750
0.198000 0.757380
0.198250 0.757010
0.198500 0.756640
0.198750 0.756270
0.199000 0.755910
0.199250 0.755540
0.199500 0.755170
0.199750 0.754800
0.200000 0.754430
0.200250 0.754060
0.200500 0.753690
0.200750 0.753330
0.201000 0.752960
0.201250 0.752590
0.201500 0.752220
0.201750 0.751850
0.202000 0.751490
0.202250 0.751120
0.202500 0.750750
0.202750 0.750390
0.203000 0.750020
0.203250 0.749650
0.203500 0.749290
0.203750 0.748920
0.204000 0.748550
0.204250 0.748190
0.204500 0.747820
0.204750 0.747460
0.205000 0.747090
0.205250 0.746720
0.205500 0.746360
0.205750 0.745990
0.206000 0.745630
0.206250 0.745260
0.206500 0.744900
0.206750 0.744530
0.207000 0.744170
0.207250 0.743800
0.207500 0.743440
0.207750 0.743080
0.208000 0.742710
0.208250 0.742350
0.208500 0.741980
0.208750 0.741620
0.209000 0.741260
0.209250 0.740890
0.209500 0.740530
0.209750 0.740170
0.210000 0.739800
0.210250 0.739440
0.210500 0.739080
0.210750 0.738720
0.211000 0.738350
0.211250 0.737990
0.211500 0.737630
0.211750 0.737270
0.212000 0.736910
0.212250 0.736540
0.212500 0.736180
0.212750 0.735820
0.213000 0.735460
0.213250 0.735100
0.213500 0.734740
0.213750 0.734380
0.214000 0.734020
0.214250 0.733650
0.214500 0.733290
0.214750 0.732930
0.215000 0.732570
0.215250 0.732210
0.215500 0.731850
0.215750 0.731490
0.216000 0.731130
0.216250 0.730770
0.216500 0.730420
0.216750 0.730060
0.217000 0.729700
0.217250 0.729340
0.217500 0.728980
0.217750 0.728620
0.218000 0.728260
0.218250 0.727900
0.218500 0.727550
0.218750 0.727190
0.219000 0.726830
0.219250 0.726470
0.219500 0.726110
0.219750 0.725760
0.220000 0.725400
0.220250 0.725040
0.220500 0.724680
0.220750 0.724330
0.221000 0.723970
0.221250 0.723610
0.221500 0.723260
0.221750 0.722900
0.222000 0.722540
0.222250 0.722190
0.222500 0.721830
0.222750 0.721480
0.223000 0.721120
0.223250 0.720760
0.223500 0.720410
0.223750 0.720050
0.224000 0.719700
0.224250 0.719340
0.224500 0.718990
0.224750 0.718630
0.225000 0.718280
0.225250 0.717920
0.225500 0.717570
0.225750 0.717220
0.226000 0.716860
0.226250 0.716510
0.226500 0.716150
0.226750 0.715800
0.227000 0.715450
0.227250 0.715090
0.227500 0.714740
0.227750 0.714390
0.228000 0.714030
0.228250 0.713680
0.228500 0.713330
0.228750 0.712970
0.229000 0.712620
0.229250 0.712270
0.229500 0.711920
0.229750 0.711570
0.230000 0.711210
0.230250 0.710860
0.230500 0.710510
0.230750 0.710160
0.231000 0.709810
0.231250 0.709460
0.231500 0.709100
0.231750 0.708750
0.232000 0.708400
0.232250 0.708050
0.232500 0.707700
0.232750 0.707350
0.233000 0.707000
0.233250 0.706650
0.233500 0.706300
0.233750 0.705950
0.234000 0.705600
0.234250 0.705250
0.234500 0.704900
0.234750 0.704550
0.235000 0.704200
0.235250 0.703850
0.235500 0.703510
0.235750 0.703160
0.236000 0.702810
0.236250 0.702460
0.236500 0.702110
0.236750 0.701760
0.237000 0.701420
0.237250 0.701070
0.237500 0.700720
0.237750 0.700370
0.238000 0.700020
0.238250 0.699680
0.238500 0.699330
0.238750 0.698980
0.239000 0.698640
0.239250 0.698290
0.239500 0.697940
0.239750 0.697600
0.240000 0.697250
0.240250 0.696900
0.240500 0.696560
0.240750 0.696210
0.241000 0.695860
0.241250 0.695520
0.241500 0.695170
0.241750 0.694830
0.242000 0.694480
0.242250 0.694140
0.242500 0.693790
0.242750 0.693450
0.243000 0.693100
0.243250 0.692760
0.243500 0.692410
0.243750 0.692070
0.244000 0.691730
0.244250 0.691380
0.244500 0.691040
0.244750 0.690690
0.245000 0.690350
0.245250 0.690010
0.245500 0.689660
0.245750 0.689320
0.246000 0.688980
0.246250 0.688630
0.246500 0.688290
0.246750 0.687950
0.247000 0.687610
0.247250 0.687260
0.247500 0.686920
0.247750 0.686580
0.248000 0.686240
0.248250 0.685890
0.248500 0.685550
0.248750 0.685210
0.249000 0.684870
0.249250 0.684530
0.249500 0.684190
0.249750 0.683850
0.250000 0.683510
0.250250 0.683160
0.250500 0.682820
0.250750 0.682480
0.251000 0.682140
0.251250 0.681800
0.251500 0.681460
0.251750 0.681120
0.252000 0.680780
0.252250 0.680440
0.252500 0.680100
0.252750 0.679760
0.253000 0.679430
0.253250 0.679090
0.253500 0.678750
0.253750 0.678410
0.254000 0.678070
0.254250 0.677730
0.254500 0.677390
0.254750 0.677050
0.255000 0.676720
0.255250 0.676380
0.255500 0.676040
0.255750 0.675700
0.256000 0.675370
0.256250 0.675030
0.256500 0.674690
0.256750 0.674350
0.257000 0.674020
0.257250 0.673680
0.257500 0.673340
0.257750 0.673010
0.258000 0.672670
0.258250 0.672330
0.258500 0.672000
0.258750 0.671660
0.259000 0.671330
0.259250 0.670990
0.259500 0.670650
0.259750 0.670320
0.260000 0.669980
0.260250 0.669650
0.260500 0.669310
0.260750 0.668980
0.261000 0.668640
0.261250 0.668310
0.261500 0.667970
0.261750 0.667640
0.262000 0.667310
0.262250 0.666970
0.262500 0.666640
0.262750 0.666300
0.263000 0.665970
0.263250 0.665640
0.263500 0.665300
0.263750 0.664970
0.264000 0.664640
0.264250 0.664300
0.264500 0.663970
0.264750 0.663640
0.265000 0.663310
0.265250 0.662970
0.265500 0.662640
0.265750 0.662310
0.266000 0.661980
0.266250 0.661650
0.266500 0.661310
0.266750 0.660980
0.267000 0.660650
0.267250 0.660320
0.267500 0.659990
0.267750 0.659660
0.268000 0.659330
0.268250 0.659000
0.268500 0.658670
0.268750 0.658340
0.269000 0.658000
0.269250 0.657670
0.269500 0.657340
0.269750 0.657010
0.270000 0.656690
0.270250 0.656360
0.270500 0.656030
0.270750 0.655700
0.271000 0.655370
0.271250 0.655040
0.271500 0.654710
0.271750 0.654380
0.272000 0.654050
0.272250 0.653720
0.272500 0.653400
0.272750 0.653070
0.273000 0.652740
0.273250 0.652410
0.273500 0.652080
0.273750 0.651760
0.274000 0.651430
0.274250 0.651100
0.274500 0.650770
0.274750 0.650450
0.275000 0.650120
0.275250 0.649790
0.275500 0.649470
0.275750 0.649140
0.276000 0.648820
0.276250 0.648490
0.276500 0.648160
0.276750 0.647840
0.277000 0.647510
0.277250 0.647190
0.277500 0.646860
0.277750 0.646540
0.278000 0.646210
0.278250 0.645890
0.278500 0.645560
0.278750 0.645240
0.279000 0.644910
0.279250 0.644590
0.279500 0.644260
0.279750 0.643940
0.280000 0.643610
0.280250 0.643290
0.280500 0.642970
0.280750 0.642640
0.281000 0.642320
0.281250 0.642000
0.281500 0.641670
0.281750 0.641350
0.282000 0.641030
0.282250 0.640710
0.282500 0.640380
0.282750 0.640060
0.283000 0.639740
0.283250 0.639420
0.283500 0.639100
0.283750 0.638770
0.284000 0.638450
0.284250 0.638130
0.284500 0.637810
0.284750 0.637490
0.285000 0.637170
0.285250 0.636850
0.285500 0.636530
0.285750 0.636210
0.286000 0.635890
0.286250 0.635570
0.286500 0.635250
0.286750 0.634930
0.287000 0.634610
0.287250 0.634290
0.287500 0.633970
0.287750 0.633650
0.288000 0.633330
0.288250 0.633010
0.288500 0.632690
0.288750 0.632370
0.289000 0.632050
0.289250 0.631740
0.289500 0.631420
0.289750 0.631100
0.290000 0.630780
0.290250 0.630460
0.290500 0.630150
0.290750 0.629830
0.291000 0.629510
0.291250 0.629190
0.291500 0.628880
0.291750 0.628560
0.292000 0.628240
0.292250 0.627930
0.292500 0.627610
0.292750 0.627300
0.293000 0.626980
0.293250 0.626660
0.293500 0.626350
0.293750 0.626030
0.294000 0.625720
0.294250 0.625400
0.294500 0.625090
0.294750 0.624770
0.295000 0.624460
0.295250 0.624140
0.295500 0.623830
0.295750 0.623520
0.296000 0.623200
0.296250 0.622890
0.296500 0.622570
0.296750 0.622260
0.297000 0.621950
0.297250 0.621640
0.297500 0.621320
0.297750 0.621010
0.298000 0.620700
0.298250 0.620380
0.298500 0.620070
0.298750 0.619760
0.299000 0.619450
0.299250 0.619140
0.299500 0.618830
0.299750 0.618510
0.300000 0.618200
0.300250 0.617890
0.300500 0.617580
0.300750 0.617270
0.301000 0.616960
0.301250 0.616650
0.301500 0.616340
0.301750 0.616030
0.302000 0.615720
0.302250 0.615410
0.302500 0.615100
0.302750 0.614790
0.303000 0.614490
0.303250 0.614180
0.303500 0.613870
0.303750 0.613560
0.304000 0.613250
0.304250 0.612950
0.304500 0.612640
0.304750 0.612330
0.305000 0.612020
0.305250 0.611720
0.305500 0.611410
0.305750 0.611100
0.306000 0.610800
0.306250 0.610490
0.306500 0.610180
0.306750 0.609880
0.307000 0.609570
0.307250 0.609270
0.307500 0.608960
0.307750 0.608660
0.308000 0.608350
0.308250 0.608050
0.308500 0.607750
0.308750 0.607440
0.309000 0.607140
0.309250 0.606840
0.309500 0.606530
0.309750 0.606230
0.310000 0.605930
0.310250 0.605620
0.310500 0.605320
0.310750 0.605020
0.311000 0.604720
0.311250 0.604420
0.311500 0.604120
0.311750 0.603820
0.312000 0.603520
0.312250 0.603220
0.312500 0.602920
0.312750 0.602620
0.313000 0.602320
0.313250 0.602020
0.313500 0.601720
0.313750 0.601420
0.314000 0.601120
0.314250 0.600820
0.314500 0.600530
0.314750 0.600230
0.315000 0.599930
0.315250 0.599640
0.315500 0.599340
0.315750 0.599040
0.316000 0.598750
0.316250 0.598450
0.316500 0.598160
0.316750 0.597860
0.317000 0.597570
0.317250 0.597280
0.317500 0.596980
0.317750 0.596690
0.318000 0.596400
0.318250 0.596100
0.318500 0.595810
0.318750 0.595520
0.319000 0.595230
0.319250 0.594940
0.319500 0.594650
0.319750 0.594360
0.320000 0.594070
0.320250 0.593780
0.320500 0.593490
0.320750 0.593210
0.321000 0.592920
0.321250 0.592630
0.321500 0.592340
0.321750 0.592060
0.322000 0.591770
0.322250 0.591490
0.322500 0.591210
0.322750 0.590920
0.323000 0.590640
0.323250 0.590360
0.323500 0.590070
0.323750 0.589790
0.324000 0.589510
0.324250 0.589230
0.324500 0.588950
0.324750 0.588680
0.325000 0.588400
0.325250 0.588120
0.325500 0.587850
0.325750 0.587570
0.326000 0.587300
0.326250 0.587020
0.326500 0.586750
0.326750 0.586480
0.327000 0.586210
0.327250 0.585940
0.327500 0.585670
0.327750 0.585400
0.328000 0.585130
0.328250 0.584860
0.328500 0.584600
0.328750 0.584340
0.329000 0.584070
0.329250 0.583810
0.329500 0.583550
0.329750 0.583290
0.330000 0.583030
0.330250 0.582780
0.330500 0.582520
0.330750 0.582270
0.331000 0.582020
0.331250 0.581760
0.331500 0.581510
0.331750 0.581270
0.332000 0.581020
0.332250 0.580780
0.332500 0.580530
0.332750 0.580290
0.333000 0.580050
0.333250 0.579820
0.333500 0.579580
0.333750 0.579350
0.334000 0.579120
0.334250 0.578890
0.334500 0.578660
0.334750 0.578440
0.335000 0.578220
0.335250 0.578000
0.335500 0.577780
0.335750 0.577570
0.336000 0.577360
0.336250 0.577150
0.336500 0.576950
0.336750 0.576740
0.337000 0.576550
0.337250 0.576350
0.337500 0.576160
0.337750 0.575970
0.338000 0.575780
0.338250 0.575600
0.338500 0.575420
0.338750 0.575250
0.339000 0.575080
0.339250 0.574910
0.339500 0.574750
0.339750 0.574590
0.340000 0.574440
0.340250 0.574290
0.340500 0.574150
0.340750 0.574010
0.341000 0.573870
0.341250 0.573740
0.341500 0.573620
0.341750 0.573500
0.342000 0.573380
0.342250 0.573270
0.342500 0.573170
0.342750 0.573070
0.343000 0.572980
0.343250 0.572890
0.343500 0.572800
0.343750 0.572730
0.344000 0.572650
0.344250 0.572590
0.344500 0.572520
0.344750 0.572470
0.345000 0.572420
0.345250 0.572370
0.345500 0.572330
0.345750 0.572290
0.346000 0.572260
0.346250 0.572240
0.346500 0.572210
0.346750 0.572200
0.347000 0.572190
0.347250 0.572180
0.347500 0.572170
0.347750 0.572170
0.348000 0.572180
0.348250 0.572190
0.348500 0.572200
0.348750 0.572210
0.349000 0.572230
0.349250 0.572250
0.349500 0.572270
0.349750 0.572300
0.350000 0.572320
0.350250 0.572350
0.350500 0.572380
0.350750 0.572420
0.351000 0.572450
0.351250 0.572490
0.351500 0.572520
0.351750 0.572560
0.352000 0.572600
0.352250 0.572640
0.352500 0.572680
0.352750 0.572710
0.353000 0.572750
0.353250 0.572790
0.353500 0.572830
0.353750 0.572870
0.354000 0.572910
0.354250 0.572950
0.354500 0.572990
0.354750 0.573030
0.355000 0.573060
0.355250 0.573100
0.355500 0.573140
0.355750 0.573170
0.356000 0.573210
0.356250 0.573240
0.356500 0.573270
0.356750 0.573310
0.357000 0.573340
0.357250 0.573370
0.357500 0.573400
0.357750 0.573430
0.358000 0.573460
0.358250 0.573490
0.358500 0.573510
0.358750 0.573540
0.359000 0.573570
0.359250 0.573590
0.359500 0.573620
0.359750 0.573640
0.360000 0.573670
0.360250 0.573690
0.360500 0.573710
0.360750 0.573730
0.361000 0.573750
0.361250 0.573780
0.361500 0.573800
0.361750 0.573820
0.362000 0.573830
0.362250 0.573850
0.362500 0.573870
0.362750 0.573890
0.363000 0.573910
0.363250 0.573920
0.363500 0.573940
0.363750 0.573960
0.364000 0.573970
0.364250 0.573990
0.364500 0.574000
0.364750 0.574020
0.365000 0.574030
0.365250 0.574050
0.365500 0.574060
0.365750 0.574080
0.366000 0.574090
0.366250 0.574100
0.366500 0.574120
0.366750 0.574130
0.367000 0.574140
0.367250 0.574150
0.367500 0.574160
0.367750 0.574180
0.368000 0.574190
0.368250 0.574200
0.368500 0.574210
0.368750 0.574220
0.369000 0.574230
0.369250 0.574240
0.369500 0.574250
0.369750 0.574260
0.370000 0.574270
0.370250 0.574280
0.370500 0.574290
0.370750 0.574300
0.371000 0.574310
0.371250 0.574320
0.371500 0.574330
0.371750 0.574340
0.372000 0.574340
0.372250 0.574350
0.372500 0.574360
0.372750 0.574370
0.373000 0.574380
0.373250 0.574380
0.373500 0.574390
0.373750 0.574400
0.374000 0.574410
0.374250 0.574410
0.374500 0.574420
0.374750 0.574430
0.375000 0.574440
0.375250 0.574440
0.375500 0.574450
0.375750 0.574460
0.376000 0.574460
0.376250 0.574470
0.376500 0.574470
0.376750 0.574480
0.377000 0.574490
0.377250 0.574490
0.377500 0.574500
0.377750 0.574500
0.378000 0.574510
0.378250 0.574520
0.378500 0.574520
0.378750 0.574530
0.379000 0.574530
0.379250 0.574540
0.379500 0.574540
0.379750 0.574550
0.380000 0.574550
0.380250 0.574560
0.380500 0.574560
0.380750 0.574570
0.381000 0.574570
0.381250 0.574580
0.381500 0.574580
0.381750 0.574590
0.382000 0.574590
0.382250 0.574600
0.382500 0.574600
0.382750 0.574600
0.383000 0.574610
0.383250 0.574610
0.383500 0.574620
0.383750 0.574620
0.384000 0.574630
0.384250 0.574630
0.384500 0.574630
0.384750 0.574640
0.385000 0.574640
0.385250 0.574650
0.385500 0.574650
0.385750 0.574650
0.386000 0.574660
0.386250 0.574660
0.386500 0.574660
0.386750 0.574670
0.387000 0.574670
0.387250 0.574670
0.387500 0.574680
0.387750 0.574680
0.388000 0.574680
0.388250 0.574690
0.388500 0.574690
0.388750 0.574690
0.389000 0.574700
0.389250 0.574700
0.389500 0.574700
0.389750 0.574700
0.390000 0.574710
0.390250 0.574710
0.390500 0.574710
0.390750 0.574720
0.391000 0.574720
0.391250 0.574720
0.391500 0.574720
0.391750 0.574730
0.392000 0.574730
0.392250 0.574730
0.392500 0.574740
0.392750 0.574740
0.393000 0.574740
0.393250 0.574740
0.393500 0.574750
0.393750 0.574750
0.394000 0.574750
0.394250 0.574750
0.394500 0.574750
0.394750 0.574760
0.395000 0.574760
0.395250 0.574760
0.395500 0.574760
0.395750 0.574770
0.396000 0.574770
0.396250 0.574770
0.396500 0.574770
0.396750 0.574770
0.397000 0.574780
0.397250 0.574780
0.397500 0.574780
0.397750 0.574780
0.398000 0.574780
0.398250 0.574790
0.398500 0.574790
0.398750 0.574790
0.399000 0.574790
0.399250 0.574790
0.399500 0.574800
0.399750 0.574800
0.400000 0.574800
0.400250 0.574800
0.400500 0.574800
0.400750 0.574800
0.401000 0.574810
0.401250 0.574810
0.401500 0.574810
0.401750 0.574810
0.402000 0.574810
0.402250 0.574810
0.402500 0.574820
0.402750 0.574820
0.403000 0.574820
0.403250 0.574820
0.403500 0.574820
0.403750 0.574820
0.404000 0.574820
0.404250 0.574830
0.404500 0.574830
0.404750 0.574830
0.405000 0.574830
0.405250 0.574830
0.405500 0.574830
0.405750 0.574830
0.406000 0.574840
0.406250 0.574840
0.406500 0.574840
0.406750 0.574840
0.407000 0.574840
0.407250 0.574840
0.407500 0.574840
0.407750 0.574840
0.408000 0.574850
0.408250 0.574850
0.408500 0.574850
0.408750 0.574850
0.409000 0.574850
0.409250 0.574850
0.409500 0.574850
0.409750 0.574850
0.410000 0.574850
0.410250 0.574860
0.410500 0.574860
0.410750 0.574860
0.411000 0.574860
0.411250 0.574860
0.411500 0.574860
0.411750 0.574860
0.412000 0.574860
0.412250 0.574860
0.412500 0.574870
0.412750 0.574870
0.413000 0.574870
0.413250 0.574870
0.413500 0.574870
0.413750 0.574870
0.414000 0.574870
0.414250 0.574870
0.414500 0.574870
0.414750 0.574870
0.415000 0.574870
0.415250 0.574880
0.415500 0.574880
0.415750 0.574880
0.416000 0.574880
0.416250 0.574880
0.416500 0.574880
0.416750 0.574880
0.417000 0.574880
0.417250 0.574880
0.417500 0.574880
0.417750 0.574880
0.418000 0.574880
0.418250 0.574890
0.418500 0.574890
0.418750 0.574890
0.419000 0.574890
0.419250 0.574890
0.419500 0.574890
0.419750 0.574890
0.420000 0.574890
0.420250 0.574890
0.420500 0.574890
0.420750 0.574890
0.421000 0.574890
0.421250 0.574890
0.421500 0.574890
0.421750 0.574890
0.422000 0.574900
0.422250 0.574900
0.422500 0.574900
0.422750 0.574900
0.423000 0.574900
0.423250 0.574900
0.423500 0.574900
0.423750 0.574900
0.424000 0.574900
0.424250 0.574900
0.424500 0.574900
0.424750 0.574900
0.425000 0.574900
0.425250 0.574900
0.425500 0.574900
0.425750 0.574900
0.426000 0.574910
0.426250 0.574910
0.426500 0.574910
0.426750 0.574910
0.427000 0.574910
0.427250 0.574910
0.427500 0.574910
0.427750 0.574910
0.428000 0.574910
0.428250 0.574910
0.428500 0.574910
0.428750 0.574910
0.429000 0.574910
0.429250 0.574910
0.429500 0.574910
0.429750 0.574910
0.430000 0.574910
0.430250 0.574910
0.430500 0.574910
0.430750 0.574910
0.431000 0.574910
0.431250 0.574920
0.431500 0.574920
0.431750 0.574920
0.432000 0.574920
0.432250 0.574920
0.432500 0.574920
0.432750 0.574920
0.433000 0.574920
0.433250 0.574920
0.433500 0.574920
0.433750 0.574920
0.434000 0.574920
0.434250 0.574920
0.434500 0.574920
0.434750 0.574920
0.435000 0.574920
0.435250 0.574920
0.435500 0.574920
0.435750 0.574920
0.436000 0.574920
0.436250 0.574920
0.436500 0.574920
0.436750 0.574920
0.437000 0.574920
0.437250 0.574920
0.437500 0.574920
0.437750 0.574930
0.438000 0.574930
0.438250 0.574930
0.438500 0.574930
0.438750 0.574930
0.439000 0.574930
0.439250 0.574930
0.439500 0.574930
0.439750 0.574930
0.440000 0.574930
0.440250 0.574930
0.440500 0.574930
0.440750 0.574930
0.441000 0.574930
0.441250 0.574930
0.441500 0.574930
0.441750 0.574930
0.442000 0.574930
0.442250 0.574930
0.442500 0.574930
0.442750 0.574930
0.443000 0.574930
0.443250 0.574930
0.443500 0.574930
0.443750 0.574930
0.444000 0.574930
0.444250 0.574930
0.444500 0.574930
0.444750 0.574930
0.445000 0.574930
0.445250 0.574930
0.445500 0.574930
0.445750 0.574930
0.446000 0.574930
0.446250 0.574930
0.446500 0.574930
0.446750 0.574930
0.447000 0.574930
0.447250 0.574940
0.447500 0.574940
0.447750 0.574940
0.448000 0.574940
0.448250 0.574940
0.448500 0.574940
0.448750 0.574940
0.449000 0.574940
0.449250 0.574940
0.449500 0.574940
0.449750 0.574940
0.450000 0.574940
0.450250 0.574940
0.450500 0.574940
0.450750 0.574940
0.451000 0.574940
0.451250 0.574940
0.451500 0.574940
0.451750 0.574940
0.452000 0.574940
0.452250 0.574940
0.452500 0.574940
0.452750 0.574940
0.453000 0.574940
0.453250 0.574940
0.453500 0.574940
0.453750 0.574940
0.454000 0.574940
0.454250 0.574940
0.454500 0.574940
0.454750 0.574940
0.455000 0.574940
0.455250 0.574940
0.455500 0.574940
0.455750 0.574940
0.456000 0.574940
0.456250 0.574940
0.456500 0.574940
0.456750 0.574940
0.457000 0.574940
0.457250 0.574940
0.457500 0.574940
0.457750 0.574940
0.458000 0.574940
0.458250 0.574940
0.458500 0.574940
0.458750 0.574940
0.459000 0.574940
0.459250 0.574940
0.459500 0.574940
0.459750 0.574940
0.460000 0.574940
0.460250 0.574940
0.460500 0.574940
0.460750 0.574940
0.461000 0.574940
0.461250 0.574940
0.461500 0.574940
0.461750 0.574940
0.462000 0.574940
0.462250 0.574940
0.462500 0.574940
0.462750 0.574940
0.463000 0.574940
0.463250 0.574940
0.463500 0.574940
0.463750 0.574940
0.464000 0.574940
0.464250 0.574940
0.464500 0.574940
0.464750 0.574940
0.465000 0.574940
0.465250 0.574950
0.465500 0.574950
0.465750 0.574950
0.466000 0.574950
0.466250 0.574950
0.466500 0.574950
0.466750 0.574950
0.467000 0.574950
0.467250 0.574950
0.467500 0.574950
0.467750 0.574950
0.468000 0.574950
0.468250 0.574950
0.468500 0.574950
0.468750 0.574950
0.469000 0.574950
0.469250 0.574950
0.469500 0.574950
0.469750 0.574950
0.470000 0.574950
0.470250 0.574950
0.470500 0.574950
0.470750 0.574950
0.471000 0.574950
0.471250 0.574950
0.471500 0.574950
0.471750 0.574950
0.472000 0.574950
0.472250 0.574950
0.472500 0.574950
0.472750 0.574950
0.473000 0.574950
0.473250 0.574950
0.473500 0.574950
0.473750 0.574950
0.474000 0.574950
0.474250 0.574950
0.474500 0.574950
0.474750 0.574950
0.475000 0.574950
0.475250 0.574950
0.475500 0.574950
0.475750 0.574950
0.476000 0.574950
0.476250 0.574950
0.476500 0.574950
0.476750 0.574950
0.477000 0.574950
0.477250 0.574950
0.477500 0.574950
0.477750 0.574950
0.478000 0.574950
0.478250 0.574950
0.478500 0.574950
0.478750 0.574950
0.479000 0.574950
0.479250 0.574950
0.479500 0.574950
0.479750 0.574950
0.480000 0.574950
0.480250 0.574950
0.480500 0.574950
0.480750 0.574950
0.481000 0.574950
0.481250 0.574950
0.481500 0.574950
0.481750 0.574950
0.482000 0.574950
0.482250 0.574950
0.482500 0.574950
0.482750 0.574950
0.483000 0.574950
0.483250 0.574950
0.483500 0.574950
0.483750 0.574950
0.484000 0.574950
0.484250 0.574950
0.484500 0.574950
0.484750 0.574950
0.485000 0.574950
0.485250 0.574950
0.485500 0.574950
0.485750 0.574950
0.486000 0.574950
0.486250 0.574950
0.486500 0.574950
0.486750 0.574950
0.487000 0.574950
0.487250 0.574950
0.487500 0.574950
0.487750 0.574950
0.488000 0.574950
0.488250 0.574950
0.488500 0.574950
0.488750 0.574950
0.489000 0.574950
0.489250 0.574950
0.489500 0.574950
0.489750 0.574950
0.490000 0.574950
0.490250 0.574950
0.490500 0.574950
0.490750 0.574950
0.491000 0.574950
0.491250 0.574950
0.491500 0.574950
0.491750 0.574950
0.492000 0.574950
0.492250 0.574950
0.492500 0.574950
0.492750 0.574950
0.493000 0.574950
0.493250 0.574950
0.493500 0.574950
0.493750 0.574950
0.494000 0.574950
0.494250 0.574950
0.494500 0.574950
0.494750 0.574950
0.495000 0.574950
0.495250 0.574950
0.495500 0.574950
0.495750 0.574950
0.496000 0.574950
0.496250 0.574950
0.496500 0.574950
0.496750 0.574950
0.497000 0.574950
0.497250 0.574950
0.497500 0.574950
0.497750 0.574950
0.498000 0.574950
0.498250 0.574950
0.498500 0.574950
0.498750 0.574950
0.499000 0.574950
0.499250 0.574950
0.499500 0.574950
0.499750 0.574950
0.500000 0.574950
0.500250 0.574950
0.500500 0.574950
0.500750 0.574950
0.501000 0.574950
0.501250 0.574950
0.501500 0.574950
0.501750 0.574950
0.502000 0.574950
0.502250 0.574950
0.502500 0.574950
0.502750 0.574950
0.503000 0.574950
0.503250 0.574950
0.503500 0.574950
0.503750 0.574950
0.504000 0.574950
0.504250 0.574950
0.504500 0.574950
0.504750 0.574950
0.505000 0.574950
0.505250 0.574950
0.505500 0.574950
0.505750 0.574950
0.506000 0.574950
0.506250 0.574950
0.506500 0.574950
0.506750 0.574950
0.507000 0.574950
0.507250 0.574950
0.507500 0.574950
0.507750 0.574950
0.508000 0.574950
0.508250 0.574950
0.508500 0.574950
0.508750 0.574950
0.509000 0.574950
0.509250 0.574950
0.509500 0.574950
0.509750 0.574950
0.510000 0.574950
0.510250 0.574940
0.510500 0.574940
0.510750 0.574940
0.511000 0.574940
0.511250 0.574940
0.511500 0.574940
0.511750 0.574940
0.512000 0.574940
0.512250 0.574940
0.512500 0.574940
0.512750 0.574940
0.513000 0.574940
0.513250 0.574940
0.513500 0.574940
0.513750 0.574940
0.514000 0.574940
0.514250 0.574940
0.514500 0.574940
0.514750 0.574940
0.515000 0.574940
0.515250 0.574940
0.515500 0.574940
0.515750 0.574940
0.516000 0.574940
0.516250 0.574940
0.516500 0.574940
0.516750 0.574940
0.517000 0.574940
0.517250 0.574940
0.517500 0.574940
0.517750 0.574940
0.518000 0.574940
0.518250 0.574940
0.518500 0.574940
0.518750 0.574940
0.519000 0.574940
0.519250 0.574940
0.519500 0.574940
0.519750 0.574940
0.520000 0.574940
0.520250 0.574940
0.520500 0.574940
0.520750 0.574940
0.521000 0.574940
0.521250 0.574940
0.521500 0.574940
0.521750 0.574940
0.522000 0.574940
0.522250 0.574940
0.522500 0.574940
0.522750 0.574940
0.523000 0.574940
0.523250 0.574940
0.523500 0.574940
0.523750 0.574940
0.524000 0.574940
0.524250 0.574940
0.524500 0.574940
0.524750 0.574940
0.525000 0.574940
0.525250 0.574940
0.525500 0.574940
0.525750 0.574940
0.526000 0.574940
0.526250 0.574940
0.526500 0.574940
0.526750 0.574940
0.527000 0.574940
0.527250 0.574940
0.527500 0.574940
0.527750 0.574940
0.528000 0.574940
0.528250 0.574940
0.528500 0.574940
0.528750 0.574940
0.529000 0.574940
0.529250 0.574940
0.529500 0.574940
0.529750 0.574940
0.530000 0.574940
0.530250 0.574940
0.530500 0.574940
0.530750 0.574940
0.531000 0.574940
0.531250 0.574940
0.531500 0.574940
0.531750 0.574940
0.532000 0.574940
0.532250 0.574940
0.532500 0.574940
0.532750 0.574940
0.533000 0.574940
0.533250 0.574940
0.533500 0.574940
0.533750 0.574940
0.534000 0.574940
0.534250 0.574940
0.534500 0.574940
0.534750 0.574940
0.535000 0.574940
0.535250 0.574940
0.535500 0.574940
0.535750 0.574940
0.536000 0.574940
0.536250 0.574940
0.536500 0.574940
0.536750 0.574940
0.537000 0.574940
0.537250 0.574940
0.537500 0.574940
0.537750 0.574940
0.538000 0.574940
0.538250 0.574940
0.538500 0.574940
0.538750 0.574940
0.539000 0.574940
0.539250 0.574930
0.539500 0.574930
0.539750 0.574930
0.540000 0.574930
0.540250 0.574930
0.540500 0.574930
0.540750 0.574930
0.541000 0.574930
0.541250 0.574930
0.541500 0.574930
0.541750 0.574930
0.542000 0.574930
0.542250 0.574930
0.542500 0.574930
0.542750 0.574930
0.543000 0.574930
0.543250 0.574930
0.543500 0.574930
0.543750 0.574930
0.544000 0.574930
0.544250 0.574930
0.544500 0.574930
0.544750 0.574930
0.545000 0.574930
0.545250 0.574930
0.545500 0.574930
0.545750 0.574930
0.546000 0.574930
0.546250 0.574930
0.546500 0.574930
0.546750 0.574930
0.547000 0.574930
0.547250 0.574930
0.547500 0.574930
0.547750 0.574930
0.548000 0.574930
0.548250 0.574930
0.548500 0.574930
0.548750 0.574930
0.549000 0.574930
0.549250 0.574930
0.549500 0.574930
0.549750 0.574930
0.550000 0.574930
0.550250 0.574930
0.550500 0.574930
0.550750 0.574930
0.551000 0.574930
0.551250 0.574930
0.551500 0.574930
0.551750 0.574930
0.552000 0.574930
0.552250 0.574930
0.552500 0.574930
0.552750 0.574930
0.553000 0.574930
0.553250 0.574930
0.553500 0.574930
0.553750 0.574930
0.554000 0.574930
0.554250 0.574930
0.554500 0.574930
0.554750 0.574930
0.555000 0.574930
0.555250 0.574930
0.555500 0.574930
0.555750 0.574930
0.556000 0.574930
0.556250 0.574930
0.556500 0.574930
0.556750 0.574930
0.557000 0.574930
0.557250 0.574930
0.557500 0.574930
0.557750 0.574930
0.558000 0.574930
0.558250 0.574920
0.558500 0.574920
0.558750 0.574920
0.559000 0.574920
0.559250 0.574920
0.559500 0.574920
0.559750 0.574920
0.560000 0.574920
0.560250 0.574920
0.560500 0.574920
0.560750 0.574920
0.561000 0.574920
0.561250 0.574920
0.561500 0.574920
0.561750 0.574920
0.562000 0.574920
0.562250 0.574920
0.562500 0.574920
0.562750 0.574920
0.563000 0.574920
0.563250 0.574920
0.563500 0.574920
0.563750 0.574920
0.564000 0.574920
0.564250 0.574920
0.564500 0.574920
0.564750 0.574920
0.565000 0.574920
0.565250 0.574920
0.565500 0.574920
0.565750 0.574920
0.566000 0.574920
0.566250 0.574920
0.566500 0.574920
0.566750 0.574920
0.567000 0.574920
0.567250 0.574920
0.567500 0.574920
0.567750 0.574920
0.568000 0.574920
0.568250 0.574920
0.568500 0.574920
0.568750 0.574920
0.569000 0.574920
0.569250 0.574920
0.569500 0.574920
0.569750 0.574920
0.570000 0.574920
0.570250 0.574920
0.570500 0.574920
0.570750 0.574920
0.571000 0.574920
0.571250 0.574920
0.571500 0.574920
0.571750 0.574920
0.572000 0.574920
0.572250 0.574920
0.572500 0.574920
0.572750 0.574920
0.573000 0.574920
0.573250 0.574910
0.573500 0.574910
0.573750 0.574910
0.574000 0.574910
0.574250 0.574910
0.574500 0.574910
0.574750 0.574910
0.575000 0.574910
0.575250 0.574910
0.575500 0.574910
0.575750 0.574910
0.576000 0.574910
0.576250 0.574910
0.576500 0.574910
0.576750 0.574910
0.577000 0.574910
0.577250 0.574910
0.577500 0.574910
0.577750 0.574910
0.578000 0.574910
0.578250 0.574910
0.578500 0.574910
0.578750 0.574910
0.579000 0.574910
0.579250 0.574910
0.579500 0.574910
0.579750 0.574910
0.580000 0.574910
0.580250 0.574910
0.580500 0.574910
0.580750 0.574910
0.581000 0.574910
0.581250 0.574910
0.581500 0.574910
0.581750 0.574910
0.582000 0.574910
0.582250 0.574910
0.582500 0.574910
0.582750 0.574910
0.583000 0.574910
0.583250 0.574910
0.583500 0.574910
0.583750 0.574910
0.584000 0.574910
0.584250 0.574910
0.584500 0.574910
0.584750 0.574910
0.585000 0.574910
0.585250 0.574910
0.585500 0.574900
0.585750 0.574900
0.586000 0.574900
0.586250 0.574900
0.586500 0.574900
0.586750 0.574900
0.587000 0.574900
0.587250 0.574900
0.587500 0.574900
0.587750 0.574900
0.588000 0.574900
0.588250 0.574900
0.588500 0.574900
0.588750 0.574900
0.589000 0.574900
0.589250 0.574900
0.589500 0.574900
0.589750 0.574900
0.590000 0.574900
0.590250 0.574900
0.590500 0.574900
0.590750 0.574900
0.591000 0.574900
0.591250 0.574900
0.591500 0.574900
0.591750 0.574900
0.592000 0.574900
0.592250 0.574900
0.592500 0.574900
0.592750 0.574900
0.593000 0.574900
0.593250 0.574900
0.593500 0.574900
0.593750 0.574900
0.594000 0.574900
0.594250 0.574900
0.594500 0.574900
0.594750 0.574900
0.595000 0.574900
0.595250 0.574900
0.595500 0.574900
0.595750 0.574900
0.596000 0.574890
0.596250 0.574890
0.596500 0.574890
0.596750 0.574890
0.597000 0.574890
0.597250 0.574890
0.597500 0.574890
0.597750 0.574890
0.598000 0.574890
0.598250 0.574890
0.598500 0.574890
0.598750 0.574890
0.599000 0.574890
0.599250 0.574890
0.599500 0.574890
0.599750 0.574890
0.600000 0.574890
0.600250 0.574890
0.600500 0.574890
0.600750 0.574890
0.601000 0.574890
0.601250 0.574890
0.601500 0.574890
0.601750 0.574890
0.602000 0.574890
0.602250 0.574890
0.602500 0.574890
0.602750 0.574890
0.603000 0.574890
0.603250 0.574890
0.603500 0.574890
0.603750 0.574890
0.604000 0.574890
0.604250 0.574890
0.604500 0.574890
0.604750 0.574890
0.605000 0.574880
0.605250 0.574880
0.605500 0.574880
0.605750 0.574880
0.606000 0.574880
0.606250 0.574880
0.606500 0.574880
0.606750 0.574880
0.607000 0.574880
0.607250 0.574880
0.607500 0.574880
0.607750 0.574880
0.608000 0.574880
0.608250 0.574880
0.608500 0.574880
0.608750 0.574880
0.609000 0.574880
0.609250 0.574880
0.609500 0.574880
0.609750 0.574880
0.610000 0.574880
0.610250 0.574880
0.610500 0.574880
0.610750 0.574880
0.611000 0.574880
0.611250 0.574880
0.611500 0.574880
0.611750 0.574880
0.612000 0.574880
0.612250 0.574880
0.612500 0.574880
0.612750 0.574880
0.613000 0.574870
0.613250 0.574870
0.613500 0.574870
0.613750 0.574870
0.614000 0.574870
0.614250 0.574870
0.614500 0.574870
0.614750 0.574870
0.615000 0.574870
0.615250 0.574870
0.615500 0.574870
0.615750 0.574870
0.616000 0.574870
0.616250 0.574870
0.616500 0.574870
0.616750 0.574870
0.617000 0.574870
0.617250 0.574870
0.617500 0.574870
0.617750 0.574870
0.618000 0.574870
0.618250 0.574870
0.618500 0.574870
0.618750 0.574870
0.619000 0.574870
0.619250 0.574870
0.619500 0.574870
0.619750 0.574870
0.620000 0.574860
0.620250 0.574860
0.620500 0.574860
0.620750 0.574860
0.621000 0.574860
0.621250 0.574860
0.621500 0.574860
0.621750 0.574860
0.622000 0.574860
0.622250 0.574860
0.622500 0.574860
0.622750 0.574860
0.623000 0.574860
0.623250 0.574860
0.623500 0.574860
0.623750 0.574860
0.624000 0.574860
0.624250 0.574860
0.624500 0.574860
0.624750 0.574860
0.625000 0.574860
0.625250 0.574860
0.625500 0.574860
0.625750 0.574860
0.626000 0.574860
0.626250 0.574860
0.626500 0.574850
0.626750 0.574850
0.627000 0.574850
0.627250 0.574850
0.627500 0.574850
0.627750 0.574850
0.628000 0.574850
0.628250 0.574850
0.628500 0.574850
0.628750 0.574850
0.629000 0.574850
0.629250 0.574850
0.629500 0.574850
0.629750 0.574850
0.630000 0.574850
0.630250 0.574850
0.630500 0.574850
0.630750 0.574850
0.631000 0.574850
0.631250 0.574850
0.631500 0.574850
0.631750 0.574850
0.632000 0.574840
0.632250 0.574840
0.632500 0.574840
0.632750 0.574840
0.633000 0.574840
0.633250 0.574840
0.633500 0.574840
0.633750 0.574840
0.634000 0.574840
0.634250 0.574840
0.634500 0.574840
0.634750 0.574840
0.635000 0.574840
0.635250 0.574840
0.635500 0.574840
0.635750 0.574840
0.636000 0.574840
0.636250 0.574840
0.636500 0.574840
0.636750 0.574840
0.637000 0.574840
0.637250 0.574830
0.637500 0.574830
0.637750 0.574830
0.638000 0.574830
0.638250 0.574830
0.638500 0.574830
0.638750 0.574830
0.639000 0.574830
0.639250 0.574830
0.639500 0.574830
0.639750 0.574830
0.640000 0.574830
0.640250 0.574830
0.640500 0.574830
0.640750 0.574830
0.641000 0.574830
0.641250 0.574830
0.641500 0.574830
0.641750 0.574820
0.642000 0.574820
0.642250 0.574820
0.642500 0.574820
0.642750 0.574820
0.643000 0.574820
0.643250 0.574820
0.643500 0.574820
0.643750 0.574820
0.644000 0.574820
0.644250 0.574820
0.644500 0.574820
0.644750 0.574820
0.645000 0.574820
0.645250 0.574820
0.645500 0.574820
0.645750 0.574820
0.646000 0.574810
0.646250 0.574810
0.646500 0.574810
0.646750 0.574810
0.647000 0.574810
0.647250 0.574810
0.647500 0.574810
0.647750 0.574810
0.648000 0.574810
0.648250 0.574810
0.648500 0.574810
0.648750 0.574810
0.649000 0.574810
0.649250 0.574810
0.649500 0.574810
0.649750 0.574810
0.650000 0.574800
0.650250 0.574800
0.650500 0.574800
0.650750 0.574800
0.651000 0.574800
0.651250 0.574800
0.651500 0.574800
0.651750 0.574800
0.652000 0.574800
0.652250 0.574800
0.652500 0.574800
0.652750 0.574800
0.653000 0.574800
0.653250 0.574800
0.653500 0.574790
0.653750 0.574790
0.654000 0.574790
0.654250 0.574790
0.654500 0.574790
0.654750 0.574790
0.655000 0.574790
0.655250 0.574790
0.655500 0.574790
0.655750 0.574790
0.656000 0.574790
0.656250 0.574790
0.656500 0.574790
0.656750 0.574780
0.657000 0.574780
0.657250 0.574780
0.657500 0.574780
0.657750 0.574780
0.658000 0.574780
0.658250 0.574780
0.658500 0.574780
0.658750 0.574780
0.659000 0.574780
0.659250 0.574780
0.659500 0.574780
0.659750 0.574780
0.660000 0.574770
0.660250 0.574770
0.660500 0.574770
0.660750 0.574770
0.661000 0.574770
0.661250 0.574770
0.661500 0.574770
0.661750 0.574770
0.662000 0.574770
0.662250 0.574770
0.662500 0.574770
0.662750 0.574760
0.663000 0.574760
0.663250 0.574760
0.663500 0.574760
0.663750 0.574760
0.664000 0.574760
0.664250 0.574760
0.664500 0.574760
0.664750 0.574760
0.665000 0.574760
0.665250 0.574750
0.665500 0.574750
0.665750 0.574750
0.666000 0.574750
0.666250 0.574750
0.666500 0.574750
0.666750 0.574750
0.667000 0.574750
0.667250 0.574750
0.667500 0.574750
0.667750 0.574740
0.668000 0.574740
0.668250 0.574740
0.668500 0.574740
0.668750 0.574740
0.669000 0.574740
0.669250 0.574740
0.669500 0.574740
0.669750 0.574740
0.670000 0.574740
0.670250 0.574730
0.670500 0.574730
0.670750 0.574730
0.671000 0.574730
0.671250 0.574730
0.671500 0.574730
0.671750 0.574730
0.672000 0.574730
0.672250 0.574720
0.672500 0.574720
0.672750 0.574720
0.673000 0.574720
0.673250 0.574720
0.673500 0.574720
0.673750 0.574720
0.674000 0.574720
0.674250 0.574710
0.674500 0.574710
0.674750 0.574710
0.675000 0.574710
0.675250 0.574710
0.675500 0.574710
0.675750 0.574710
0.676000 0.574710
0.676250 0.574700
0.676500 0.574700
0.676750 0.574700
0.677000 0.574700
0.677250 0.574700
0.677500 0.574700
0.677750 0.574700
0.678000 0.574690
0.678250 0.574690
0.678500 0.574690
0.678750 0.574690
0.679000 0.574690
0.679250 0.574690
0.679500 0.574690
0.679750 0.574680
0.680000 0.574680
0.680250 0.574680
0.680500 0.574680
0.680750 0.574680
0.681000 0.574680
0.681250 0.574670
0.681500 0.574670
0.681750 0.574670
0.682000 0.574670
0.682250 0.574670
0.682500 0.574670
0.682750 0.574660
0.683000 0.574660
0.683250 0.574660
0.683500 0.574660
0.683750 0.574660
0.684000 0.574660
0.684250 0.574650
0.684500 0.574650
0.684750 0.574650
0.685000 0.574650
0.685250 0.574650
0.685500 0.574640
0.685750 0.574640
0.686000 0.574640
0.686250 0.574640
0.686500 0.574640
0.686750 0.574630
0.687000 0.574630
0.687250 0.574630
0.687500 0.574630
0.687750 0.574630
0.688000 0.574620
0.688250 0.574620
0.688500 0.574620
0.688750 0.574620
0.689000 0.574620
0.689250 0.574610
0.689500 0.574610
0.689750 0.574610
0.690000 0.574610
0.690250 0.574600
0.690500 0.574600
0.690750 0.574600
0.691000 0.574600
0.691250 0.574600
0.691500 0.574590
0.691750 0.574590
0.692000 0.574590
0.692250 0.574590
0.692500 0.574580
0.692750 0.574580
0.693000 0.574580
0.693250 0.574580
0.693500 0.574570
0.693750 0.574570
0.694000 0.574570
0.694250 0.574560
0.694500 0.574560
0.694750 0.574560
0.695000 0.574560
0.695250 0.574550
0.695500 0.574550
0.695750 0.574550
0.696000 0.574540
0.696250 0.574540
0.696500 0.574540
0.696750 0.574530
0.697000 0.574530
0.697250 0.574530
0.697500 0.574530
0.697750 0.574520
0.698000 0.574520
0.698250 0.574520
0.698500 0.574510
0.698750 0.574510
0.699000 0.574510
0.699250 0.574500
0.699500 0.574500
0.699750 0.574500
0.700000 0.574490
0.700250 0.574490
0.700500 0.574490
0.700750 0.574480
0.701000 0.574480
0.701250 0.574480
0.701500 0.574480
0.701750 0.574470
0.702000 0.574470
0.702250 0.574470
0.702500 0.574470
0.702750 0.574470
0.703000 0.574470
0.703250 0.574470
0.703500 0.574470
0.703750 0.574470
0.704000 0.574480
0.704250 0.574480
0.704500 0.574490
0.704750 0.574490
0.705000 0.574500
0.705250 0.574510
0.705500 0.574530
0.705750 0.574540
0.706000 0.574560
0.706250 0.574580
0.706500 0.574610
0.706750 0.574640
0.707000 0.574680
0.707250 0.574720
0.707500 0.574770
0.707750 0.574820
0.708000 0.574890
0.708250 0.574960
0.708500 0.575050
0.708750 0.575140
0.709000 0.575250
0.709250 0.575380
0.709500 0.575520
0.709750 0.575680
0.710000 0.575860
0.710250 0.576060
0.710500 0.576290
0.710750 0.576550
0.711000 0.576840
0.711250 0.577160
0.711500 0.577530
0.711750 0.577930
0.712000 0.578390
0.712250 0.578890
0.712500 0.579460
0.712750 0.580080
0.713000 0.580780
0.713250 0.581550
0.713500 0.582400
0.713750 0.583350
0.714000 0.584390
0.714250 0.585550
0.714500 0.586820
0.714750 0.588210
0.715000 0.589750
0.715250 0.591430
0.715500 0.593280
0.715750 0.595310
0.716000 0.597530
0.716250 0.599950
0.716500 0.602590
0.716750 0.605470
0.717000 0.608610
0.717250 0.612010
0.717500 0.615720
0.717750 0.619740
0.718000 0.624090
0.718250 0.628800
0.718500 0.633900
0.718750 0.639400
0.719000 0.645330
0.719250 0.651720
0.719500 0.658600
0.719750 0.665990
0.720000 0.673920
0.720250 0.682430
0.720500 0.691540
0.720750 0.701290
0.721000 0.711700
0.721250 0.722820
0.721500 0.734670
0.721750 0.747290
0.722000 0.760720
0.722250 0.774980
0.722500 0.790110
0.722750 0.806160
0.723000 0.823150
0.723250 0.841110
0.723500 0.860090
0.723750 0.880120
0.724000 0.901230
0.724250 0.923450
0.724500 0.946830
0.724750 0.971380
0.725000 0.997140
0.725250 1.024140
0.725500 1.052400
0.725750 1.081960
0.726000 1.112830
0.726250 1.145040
0.726500 1.178610
0.726750 1.213560
0.727000 1.249900
0.727250 1.287650
0.727500 1.326810
0.727750 1.367400
0.728000 1.409420
0.728250 1.452880
0.728500 1.497760
0.728750 1.544070
0.729000 1.591800
0.729250 1.640930
0.729500 1.691460
0.729750 1.743370
0.730000 1.796630
0.730250 1.851220
0.730500 1.907110
0.730750 1.964260
0.731000 2.022650
0.731250 2.082240
0.731500 2.142970
0.731750 2.204820
0.732000 2.267720
0.732250 2.331620
0.732500 2.396470
0.732750 2.462220
0.733000 2.528800
0.733250 2.596140
0.733500 2.664190
0.733750 2.732880
0.734000 2.802130
0.734250 2.871880
0.734500 2.942050
0.734750 3.012570
0.735000 3.083360
0.735250 3.154350
0.735500 3.225460
0.735750 3.296620
0.736000 3.367740
0.736250 3.438760
0.736500 3.509580
0.736750 3.580150
0.737000 3.650380
0.737250 3.720200
0.737500 3.789550
0.737750 3.858330
0.738000 3.926500
0.738250 3.993980
0.738500 4.060710
0.738750 4.126630
0.739000 4.191670
0.739250 4.255780
0.739500 4.318900
0.739750 4.380990
0.740000 4.442000
0.740250 4.501880
0.740500 4.560580
0.740750 4.618080
0.741000 4.674340
0.741250 4.729310
0.741500 4.782990
0.741750 4.835340
0.742000 4.886340
0.742250 4.935980
0.742500 4.984230
0.742750 5.031090
0.743000 5.076550
0.743250 5.120610
0.743500 5.163260
0.743750 5.204510
0.744000 5.244360
0.744250 5.282810
0.744500 5.319880
0.744750 5.355580
0.745000 5.389920
0.745250 5.422930
0.745500 5.454610
0.745750 5.485000
0.746000 5.514100
0.746250 5.541960
0.746500 5.568590
0.746750 5.594030
0.747000 5.618290
0.747250 5.641410
0.747500 5.663420
0.747750 5.684360
0.748000 5.704250
0.748250 5.723130
0.748500 5.741020
0.748750 5.757980
0.749000 5.774010
0.749250 5.789170
0.749500 5.803480
0.749750 5.816980
0.750000 5.829700
0.750250 5.841670
0.750500 5.852930
0.750750 5.863500
0.751000 5.873420
0.751250 5.882720
0.751500 5.891430
0.751750 5.899580
0.752000 5.907190
0.752250 5.914300
0.752500 5.920930
0.752750 5.927100
0.753000 5.932850
0.753250 5.938200
0.753500 5.943160
0.753750 5.947770
0.754000 5.952040
0.754250 5.955990
0.754500 5.959650
0.754750 5.963030
0.755000 5.966150
0.755250 5.969030
0.755500 5.971680
0.755750 5.974120
0.756000 5.976360
0.756250 5.978430
0.756500 5.980320
0.756750 5.982050
0.757000 5.983640
0.757250 5.985090
0.757500 5.986420
0.757750 5.987640
0.758000 5.988740
0.758250 5.989750
0.758500 5.990670
0.758750 5.991510
0.759000 5.992270
0.759250 5.992960
0.759500 5.993580
0.759750 5.994150
0.760000 5.994660
0.760250 5.995130
0.760500 5.995550
0.760750 5.995920
0.761000 5.996270
0.761250 5.996570
0.761500 5.996850
0.761750 5.997100
0.762000 5.997330
0.762250 5.997530
0.762500 5.997710
0.762750 5.997870
0.763000 5.998020
0.763250 5.998150
0.763500 5.998260
0.763750 5.998370
0.764000 5.998460
0.764250 5.998540
0.764500 5.998620
0.764750 5.998690
0.765000 5.998740
0.765250 5.998800
0.765500 5.998840
0.765750 5.998890
0.766000 5.998920
0.766250 5.998960
0.766500 5.998990
0.766750 5.999010
0.767000 5.999040
0.767250 5.999060
0.767500 5.999070
0.767750 5.999090
0.768000 5.999110
0.768250 5.999120
0.768500 5.999130
0.768750 5.999140
0.769000 5.999150
0.769250 5.999160
0.769500 5.999170
0.769750 5.999170
0.770000 5.999180
0.770250 5.999180
0.770500 5.999190
0.770750 5.999190
0.771000 5.999200
0.771250 5.999200
0.771500 5.999200
0.771750 5.999210
0.772000 5.999210
0.772250 5.999210
0.772500 5.999210
0.772750 5.999220
0.773000 5.999220
0.773250 5.999220
0.773500 5.999220
0.773750 5.999220
0.774000 5.999220
0.774250 5.999220
0.774500 5.999230
0.774750 5.999230
0.775000 5.999230
0.775250 5.999230
0.775500 5.999230
0.775750 5.999230
0.776000 5.999230
0.776250 5.999230
0.776500 5.999230
0.776750 5.999220
0.777000 5.999220
0.777250 5.999210
0.777500 5.999190
0.777750 5.999150
0.778000 5.999100
0.778250 5.999010
0.778500 5.998860
0.778750 5.998610
0.779000 5.998190
0.779250 5.997490
0.779500 5.996330
0.779750 5.994400
0.780000 5.991180
0.780250 5.985830
0.780500 5.976920
0.780750 5.962120
0.781000 5.937550
0.781250 5.896890
0.781500 5.829830
0.781750 5.719960
0.782000 5.541930
0.782250 5.258680
0.782500 4.821900
0.782750 4.183160
0.783000 3.330920
0.783250 2.363060
0.783500 1.540820
0.783750 1.123450
0.784000 1.014120
0.784250 1.000250
0.784500 1.000000
0.784750 1.000000
0.785000 1.000000
0.785250 1.000000
0.785500 1.000000
0.785750 1.000000
0.786000 1.000000
0.786250 1.000000
0.786500 1.000000
0.786750 1.000000
0.787000 1.000000
0.787250 1.000000
0.787500 1.000000
0.787750 1.000000
0.788000 1.000000
0.788250 1.000000
0.788500 1.000000
0.788750 1.000000
0.789000 1.000000
0.789250 1.000000
0.789500 1.000000
0.789750 1.000000
0.790000 1.000000
0.790250 1.000000
0.790500 1.000000
0.790750 1.000000
0.791000 1.000000
0.791250 1.000000
0.791500 1.000000
0.791750 1.000000
0.792000 1.000000
0.792250 1.000000
0.792500 1.000000
0.792750 1.000000
0.793000 1.000000
0.793250 1.000000
0.793500 1.000000
0.793750 1.000000
0.794000 1.000000
0.794250 1.000000
0.794500 1.000000
0.794750 1.000000
0.795000 1.000000
0.795250 1.000000
0.795500 1.000000
0.795750 1.000000
0.796000 1.000000
0.796250 1.000000
0.796500 1.000000
0.796750 1.000000
0.797000 1.000000
0.797250 1.000000
0.797500 1.000000
0.797750 1.000000
0.798000 1.000000
0.798250 1.000000
0.798500 1.000000
0.798750 1.000000
0.799000 1.000000
0.799250 1.000000
0.799500 1.000000
0.799750 1.000000
0.800000 1.000000
0.800250 1.000000
0.800500 1.000000
0.800750 1.000000
0.801000 1.000000
0.801250 1.000000
0.801500 1.000000
0.801750 1.000000
0.802000 1.000000
0.802250 1.000000
0.802500 1.000000
0.802750 1.000000
0.803000 1.000000
0.803250 1.000000
0.803500 1.000000
0.803750 1.000000
0.804000 1.000000
0.804250 1.000000
0.804500 1.000000
0.804750 1.000000
0.805000 1.000000
0.805250 1.000000
0.805500 1.000000
0.805750 1.000000
0.806000 1.000000
0.806250 1.000000
0.806500 1.000000
0.806750 1.000000
0.807000 1.000000
0.807250 1.000000
0.807500 1.000000
0.807750 1.000000
0.808000 1.000000
0.808250 1.000000
0.808500 1.000000
0.808750 1.000000
0.809000 1.000000
0.809250 1.000000
0.809500 1.000000
0.809750 1.000000
0.810000 1.000000
0.810250 1.000000
0.810500 1.000000
0.810750 1.000000
0.811000 1.000000
0.811250 1.000000
0.811500 1.000000
0.811750 1.000000
0.812000 1.000000
0.812250 1.000000
0.812500 1.000000
0.812750 1.000000
0.813000 1.000000
0.813250 1.000000
0.813500 1.000000
0.813750 1.000000
0.814000 1.000000
0.814250 1.000000
0.814500 1.000000
0.814750 1.000000
0.815000 1.000000
0.815250 1.000000
0.815500 1.000000
0.815750 1.000000
0.816000 1.000000
0.816250 1.000000
0.816500 1.000000
0.816750 1.000000
0.817000 1.000000
0.817250 1.000000
0.817500 1.000000
0.817750 1.000000
0.818000 1.000000
0.818250 1.000000
0.818500 1.000000
0.818750 1.000000
0.819000 1.000000
0.819250 1.000000
0.819500 1.000000
0.819750 1.000000
0.820000 1.000000
0.820250 1.000000
0.820500 1.000000
0.820750 1.000000
0.821000 1.000000
0.821250 1.000000
0.821500 1.000000
0.821750 1.000000
0.822000 1.000000
0.822250 1.000000
0.822500 1.000000
0.822750 1.000000
0.823000 1.000000
0.823250 1.000000
0.823500 1.000000
0.823750 1.000000
0.824000 1.000000
0.824250 1.000000
0.824500 1.000000
0.824750 1.000000
0.825000 1.000000
0.825250 1.000000
0.825500 1.000000
0.825750 1.000000
0.826000 1.000000
0.826250 1.000000
0.826500 1.000000
0.826750 1.000000
0.827000 1.000000
0.827250 1.000000
0.827500 1.000000
0.827750 1.000000
0.828000 1.000000
0.828250 1.000000
0.828500 1.000000
0.828750 1.000000
0.829000 1.000000
0.829250 1.000000
0.829500 1.000000
0.829750 1.000000
0.830000 1.000000
0.830250 1.000000
0.830500 1.000000
0.830750 1.000000
0.831000 1.000000
0.831250 1.000000
0.831500 1.000000
0.831750 1.000000
0.832000 1.000000
0.832250 1.000000
0.832500 1.000000
0.832750 1.000000
0.833000 1.000000
0.833250 1.000000
0.833500 1.000000
0.833750 1.000000
0.834000 1.000000
0.834250 1.000000
0.834500 1.000000
0.834750 1.000000
0.835000 1.000000
0.835250 1.000000
0.835500 1.000000
0.835750 1.000000
0.836000 1.000000
0.836250 1.000000
0.836500 1.000000
0.836750 1.000000
0.837000 1.000000
0.837250 1.000000
0.837500 1.000000
0.837750 1.000000
0.838000 1.000000
0.838250 1.000000
0.838500 1.000000
0.838750 1.000000
0.839000 1.000000
0.839250 1.000000
0.839500 1.000000
0.839750 1.000000
0.840000 1.000000
0.840250 1.000000
0.840500 1.000000
0.840750 1.000000
0.841000 1.000000
0.841250 1.000000
0.841500 1.000000
0.841750 1.000000
0.842000 1.000000
0.842250 1.000000
0.842500 1.000000
0.842750 1.000000
0.843000 1.000000
0.843250 1.000000
0.843500 1.000000
0.843750 1.000000
0.844000 1.000000
0.844250 1.000000
0.844500 1.000000
0.844750 1.000000
0.845000 1.000000
0.845250 1.000000
0.845500 1.000000
0.845750 1.000000
0.846000 1.000000
0.846250 1.000000
0.846500 1.000000
0.846750 1.000000
0.847000 1.000000
0.847250 1.000000
0.847500 1.000000
0.847750 1.000000
0.848000 1.000000
0.848250 1.000000
0.848500 1.000000
0.848750 1.000000
0.849000 1.000000
0.849250 1.000000
0.849500 1.000000
0.849750 1.000000
0.850000 1.000000
0.850250 1.000000
0.850500 1.000000
0.850750 1.000000
0.851000 1.000000
0.851250 1.000000
0.851500 1.000000
0.851750 1.000000
0.852000 1.000000
0.852250 1.000000
0.852500 1.000000
0.852750 1.000000
0.853000 1.000000
0.853250 1.000000
0.853500 1.000000
0.853750 1.000000
0.854000 1.000000
0.854250 1.000000
0.854500 1.000000
0.854750 1.000000
0.855000 1.000000
0.855250 1.000000
0.855500 1.000000
0.855750 1.000000
0.856000 1.000000
0.856250 1.000000
0.856500 1.000000
0.856750 1.000000
0.857000 1.000000
0.857250 1.000000
0.857500 1.000000
0.857750 1.000000
0.858000 1.000000
0.858250 1.000000
0.858500 1.000000
0.858750 1.000000
0.859000 1.000000
0.859250 1.000000
0.859500 1.000000
0.859750 1.000000
0.860000 1.000000
0.860250 1.000000
0.860500 1.000000
0.860750 1.000000
0.861000 1.000000
0.861250 1.000000
0.861500 1.000000
0.861750 1.000000
0.862000 1.000000
0.862250 1.000000
0.862500 1.000000
0.862750 1.000000
0.863000 1.000000
0.863250 1.000000
0.863500 1.000000
0.863750 1.000000
0.864000 1.000000
0.864250 1.000000
0.864500 1.000000
0.864750 1.000000
0.865000 1.000000
0.865250 1.000000
0.865500 1.000000
0.865750 1.000000
0.866000 1.000000
0.866250 1.000000
0.866500 1.000000
0.866750 1.000000
0.867000 1.000000
0.867250 1.000000
0.867500 1.000000
0.867750 1.000000
0.868000 1.000000
0.868250 1.000000
0.868500 1.000000
0.868750 1.000000
0.869000 1.000000
0.869250 1.000000
0.869500 1.000000
0.869750 1.000000
0.870000 1.000000
0.870250 1.000000
0.870500 1.000000
0.870750 1.000000
0.871000 1.000000
0.871250 1.000000
0.871500 1.000000
0.871750 1.000000
0.872000 1.000000
0.872250 1.000000
0.872500 1.000000
0.872750 1.000000
0.873000 1.000000
0.873250 1.000000
0.873500 1.000000
0.873750 1.000000
0.874000 1.000000
0.874250 1.000000
0.874500 1.000000
0.874750 1.000000
0.875000 1.000000
0.875250 1.000000
0.875500 1.000000
0.875750 1.000000
0.876000 1.000000
0.876250 1.000000
0.876500 1.000000
0.876750 1.000000
0.877000 1.000000
0.877250 1.000000
0.877500 1.000000
0.877750 1.000000
0.878000 1.000000
0.878250 1.000000
0.878500 1.000000
0.878750 1.000000
0.879000 1.000000
0.879250 1.000000
0.879500 1.000000
0.879750 1.000000
0.880000 1.000000
0.880250 1.000000
0.880500 1.000000
0.880750 1.000000
0.881000 1.000000
0.881250 1.000000
0.881500 1.000000
0.881750 1.000000
0.882000 1.000000
0.882250 1.000000
0.882500 1.000000
0.882750 1.000000
0.883000 1.000000
0.883250 1.000000
0.883500 1.000000
0.883750 1.000000
0.884000 1.000000
0.884250 1.000000
0.884500 1.000000
0.884750 1.000000
0.885000 1.000000
0.885250 1.000000
0.885500 1.000000
0.885750 1.000000
0.886000 1.000000
0.886250 1.000000
0.886500 1.000000
0.886750 1.000000
0.887000 1.000000
0.887250 1.000000
0.887500 1.000000
0.887750 1.000000
0.888000 1.000000
0.888250 1.000000
0.888500 1.000000
0.888750 1.000000
0.889000 1.000000
0.889250 1.000000
0.889500 1.000000
0.889750 1.000000
0.890000 1.000000
0.890250 1.000000
0.890500 1.000000
0.890750 1.000000
0.891000 1.000000
0.891250 1.000000
0.891500 1.000000
0.891750 1.000000
0.892000 1.000000
0.892250 1.000000
0.892500 1.000000
0.892750 1.000000
0.893000 1.000000
0.893250 1.000000
0.893500 1.000000
0.893750 1.000000
0.894000 1.000000
0.894250 1.000000
0.894500 1.000000
0.894750 1.000000
0.895000 1.000000
0.895250 1.000000
0.895500 1.000000
0.895750 1.000000
0.896000 1.000000
0.896250 1.000000
0.896500 1.000000
0.896750 1.000000
0.897000 1.000000
0.897250 1.000000
0.897500 1.000000
0.897750 1.000000
0.898000 1.000000
0.898250 1.000000
0.898500 1.000000
0.898750 1.000000
0.899000 1.000000
0.899250 1.000000
0.899500 1.000000
0.899750 1.000000
0.900000 1.000000
0.900250 1.000000
0.900500 1.000000
0.900750 1.000000
0.901000 1.000000
0.901250 1.000000
0.901500 1.000000
0.901750 1.000000
0.902000 1.000000
0.902250 1.000000
0.902500 1.000000
0.902750 1.000000
0.903000 1.000000
0.903250 1.000000
0.903500 1.000000
0.903750 1.000000
0.904000 1.000000
0.904250 1.000000
0.904500 1.000000
0.904750 1.000000
0.905000 1.000000
0.905250 1.000000
0.905500 1.000000
0.905750 1.000000
0.906000 1.000000
0.906250 1.000000
0.906500 1.000000
0.906750 1.000000
0.907000 1.000000
0.907250 1.000000
0.907500 1.000000
0.907750 1.000000
0.908000 1.000000
0.908250 1.000000
0.908500 1.000000
0.908750 1.000000
0.909000 1.000000
0.909250 1.000000
0.909500 1.000000
0.909750 1.000000
0.910000 1.000000
0.910250 1.000000
0.910500 1.000000
0.910750 1.000000
0.911000 1.000000
0.911250 1.000000
0.911500 1.000000
0.911750 1.000000
0.912000 1.000000
0.912250 1.000000
0.912500 1.000000
0.912750 1.000000
0.913000 1.000000
0.913250 1.000000
0.913500 1.000000
0.913750 1.000000
0.914000 1.000000
0.914250 1.000000
0.914500 1.000000
0.914750 1.000000
0.915000 1.000000
0.915250 1.000000
0.915500 1.000000
0.915750 1.000000
0.916000 1.000000
0.916250 1.000000
0.916500 1.000000
0.916750 1.000000
0.917000 1.000000
0.917250 1.000000
0.917500 1.000000
0.917750 1.000000
0.918000 1.000000
0.918250 1.000000
0.918500 1.000000
0.918750 1.000000
0.919000 1.000000
0.919250 1.000000
0.919500 1.000000
0.919750 1.000000
0.920000 1.000000
0.920250 1.000000
0.920500 1.000000
0.920750 1.000000
0.921000 1.000000
0.921250 1.000000
0.921500 1.000000
0.921750 1.000000
0.922000 1.000000
0.922250 1.000000
0.922500 1.000000
0.922750 1.000000
0.923000 1.000000
0.923250 1.000000
0.923500 1.000000
0.923750 1.000000
0.924000 1.000000
0.924250 1.000000
0.924500 1.000000
0.924750 1.000000
0.925000 1.000000
0.925250 1.000000
0.925500 1.000000
0.925750 1.000000
0.926000 1.000000
0.926250 1.000000
0.926500 1.000000
0.926750 1.000000
0.927000 1.000000
0.927250 1.000000
0.927500 1.000000
0.927750 1.000000
0.928000 1.000000
0.928250 1.000000
0.928500 1.000000
0.928750 1.000000
0.929000 1.000000
0.929250 1.000000
0.929500 1.000000
0.929750 1.000000
0.930000 1.000000
0.930250 1.000000
0.930500 1.000000
0.930750 1.000000
0.931000 1.000000
0.931250 1.000000
0.931500 1.000000
0.931750 1.000000
0.932000 1.000000
0.932250 1.000000
0.932500 1.000000
0.932750 1.000000
0.933000 1.000000
0.933250 1.000000
0.933500 1.000000
0.933750 1.000000
0.934000 1.000000
0.934250 1.000000
0.934500 1.000000
0.934750 1.000000
0.935000 1.000000
0.935250 1.000000
0.935500 1.000000
0.935750 1.000000
0.936000 1.000000
0.936250 1.000000
0.936500 1.000000
0.936750 1.000000
0.937000 1.000000
0.937250 1.000000
0.937500 1.000000
0.937750 1.000000
0.938000 1.000000
0.938250 1.000000
0.938500 1.000000
0.938750 1.000000
0.939000 1.000000
0.939250 1.000000
0.939500 1.000000
0.939750 1.000000
0.940000 1.000000
0.940250 1.000000
0.940500 1.000000
0.940750 1.000000
0.941000 1.000000
0.941250 1.000000
0.941500 1.000000
0.941750 1.000000
0.942000 1.000000
0.942250 1.000000
0.942500 1.000000
0.942750 1.000000
0.943000 1.000000
0.943250 1.000000
0.943500 1.000000
0.943750 1.000000
0.944000 1.000000
0.944250 1.000000
0.944500 1.000000
0.944750 1.000000
0.945000 1.000000
0.945250 1.000000
0.945500 1.000000
0.945750 1.000000
0.946000 1.000000
0.946250 1.000000
0.946500 1.000000
0.946750 1.000000
0.947000 1.000000
0.947250 1.000000
0.947500 1.000000
0.947750 1.000000
0.948000 1.000000
0.948250 1.000000
0.948500 1.000000
0.948750 1.000000
0.949000 1.000000
0.949250 1.000000
0.949500 1.000000
0.949750 1.000000
0.950000 1.000000
0.950250 1.000000
0.950500 1.000000
0.950750 1.000000
0.951000 1.000000
0.951250 1.000000
0.951500 1.000000
0.951750 1.000000
0.952000 1.000000
0.952250 1.000000
0.952500 1.000000
0.952750 1.000000
0.953000 1.000000
0.953250 1.000000
0.953500 1.000000
0.953750 1.000000
0.954000 1.000000
0.954250 1.000000
0.954500 1.000000
0.954750 1.000000
0.955000 1.000000
0.955250 1.000000
0.955500 1.000000
0.955750 1.000000
0.956000 1.000000
0.956250 1.000000
0.956500 1.000000
0.956750 1.000000
0.957000 1.000000
0.957250 1.000000
0.957500 1.000000
0.957750 1.000000
0.958000 1.000000
0.958250 1.000000
0.958500 1.000000
0.958750 1.000000
0.959000 1.000000
0.959250 1.000000
0.959500 1.000000
0.959750 1.000000
0.960000 1.000000
0.960250 1.000000
0.960500 1.000000
0.960750 1.000000
0.961000 1.000000
0.961250 1.000000
0.961500 1.000000
0.961750 1.000000
0.962000 1.000000
0.962250 1.000000
0.962500 1.000000
0.962750 1.000000
0.963000 1.000000
0.963250 1.000000
0.963500 1.000000
0.963750 1.000000
0.964000 1.000000
0.964250 1.000000
0.964500 1.000000
0.964750 1.000000
0.965000 1.000000
0.965250 1.000000
0.965500 1.000000
0.965750 1.000000
0.966000 1.000000
0.966250 1.000000
0.966500 1.000000
0.966750 1.000000
0.967000 1.000000
0.967250 1.000000
0.967500 1.000000
0.967750 1.000000
0.968000 1.000000
0.968250 1.000000
0.968500 1.000000
0.968750 1.000000
0.969000 1.000000
0.969250 1.000000
0.969500 1.000000
0.969750 1.000000
0.970000 1.000000
0.970250 1.000000
0.970500 1.000000
0.970750 1.000000
0.971000 1.000000
0.971250 1.000000
0.971500 1.000000
0.971750 1.000000
0.972000 1.000000
0.972250 1.000000
0.972500 1.000000
0.972750 1.000000
0.973000 1.000000
0.973250 1.000000
0.973500 1.000000
0.973750 1.000000
0.974000 1.000000
0.974250 1.000000
0.974500 1.000000
0.974750 1.000000
0.975000 1.000000
0.975250 1.000000
0.975500 1.000000
0.975750 1.000000
0.976000 1.000000
0.976250 1.000000
0.976500 1.000000
0.976750 1.000000
0.977000 1.000000
0.977250 1.000000
0.977500 1.000000
0.977750 1.000000
0.978000 1.000000
0.978250 1.000000
0.978500 1.000000
0.978750 1.000000
0.979000 1.000000
0.979250 1.000000
0.979500 1.000000
0.979750 1.000000
0.980000 1.000000
0.980250 1.000000
0.980500 1.000000
0.980750 1.000000
0.981000 1.000000
0.981250 1.000000
0.981500 1.000000
0.981750 1.000000
0.982000 1.000000
0.982250 1.000000
0.982500 1.000000
0.982750 1.000000
0.983000 1.000000
0.983250 1.000000
0.983500 1.000000
0.983750 1.000000
0.984000 1.000000
0.984250 1.000000
0.984500 1.000000
0.984750 1.000000
0.985000 1.000000
0.985250 1.000000
0.985500 1.000000
0.985750 1.000000
0.986000 1.000000
0.986250 1.000000
0.986500 1.000000
0.986750 1.000000
0.987000 1.000000
0.987250 1.000000
0.987500 1.000000
0.987750 1.000000
0.988000 1.000000
0.988250 1.000000
0.988500 1.000000
0.988750 1.000000
0.989000 1.000000
0.989250 1.000000
0.989500 1.000000
0.989750 1.000000
0.990000 1.000000
0.990250 1.000000
0.990500 1.000000
0.990750 1.000000
0.991000 1.000000
0.991250 1.000000
0.991500 1.000000
0.991750 1.000000
0.992000 1.000000
0.992250 1.000000
0.992500 1.000000
0.992750 1.000000
0.993000 1.000000
0.993250 1.000000
0.993500 1.000000
0.993750 1.000000
0.994000 1.000000
0.994250 1.000000
0.994500 1.000000
0.994750 1.000000
0.995000 1.000000
0.995250 1.000000
0.995500 1.000000
0.995750 1.000000
0.996000 1.000000
0.996250 1.000000
0.996500 1.000000
0.996750 1.000000
0.997000 1.000000
0.997250 1.000000
0.997500 1.000000
0.997750 1.000000
0.998000 1.000000
0.998250 1.000000
0.998500 1.000000
0.998750 1.000000
0.999000 1.000000
0.999250 1.000000
0.999500 1.000000
0.999750 1.000000
1.000000 1.000000
