0.000000 0.999970
0.002500 0.999970
0.005000 0.999970
0.007500 0.999940
0.010000 0.999910
0.012500 0.999860
0.015000 0.999790
0.017500 0.999690
0.020000 0.999540
0.022500 0.999340
0.025000 0.999070
0.027500 0.998690
0.030000 0.998200
0.032500 0.997570
0.035000 0.996760
0.037500 0.995750
0.040000 0.994510
0.042500 0.993020
0.045000 0.991270
0.047500 0.989250
0.050000 0.986950
0.052500 0.984390
0.055000 0.981570
0.057500 0.978520
0.060000 0.975260
0.062500 0.971810
0.065000 0.968210
0.067500 0.964470
0.070000 0.960630
0.072500 0.956700
0.075000 0.952700
0.077500 0.948650
0.080000 0.944550
0.082500 0.940420
0.085000 0.936270
0.087500 0.932100
0.090000 0.927910
0.092500 0.923720
0.095000 0.919520
0.097500 0.915310
0.100000 0.911100
0.102500 0.906890
0.105000 0.902690
0.107500 0.898490
0.110000 0.894300
0.112500 0.890110
0.115000 0.885930
0.117500 0.881770
0.120000 0.877610
0.122500 0.873460
0.125000 0.869330
0.127500 0.865200
0.130000 0.861090
0.132500 0.856990
0.135000 0.852910
0.137500 0.848830
0.140000 0.844770
0.142500 0.840730
0.145000 0.836700
0.147500 0.832680
0.150000 0.828680
0.152500 0.824690
0.155000 0.820710
0.157500 0.816750
0.160000 0.812810
0.162500 0.808880
0.165000 0.804960
0.167500 0.801060
0.170000 0.797170
0.172500 0.793300
0.175000 0.789450
0.177500 0.785610
0.180000 0.781780
0.182500 0.777970
0.185000 0.774170
0.187500 0.770390
0.190000 0.766620
0.192500 0.762870
0.195000 0.759130
0.197500 0.755410
0.200000 0.751700
0.202500 0.748010
0.205000 0.744330
0.207500 0.740670
0.210000 0.737020
0.212500 0.733390
0.215000 0.729770
0.217500 0.726160
0.220000 0.722570
0.222500 0.719000
0.225000 0.715430
0.227500 0.711890
0.230000 0.708360
0.232500 0.704840
0.235000 0.701330
0.237500 0.697850
0.240000 0.694370
0.242500 0.690910
0.245000 0.687460
0.247500 0.684030
0.250000 0.680610
0.252500 0.677210
0.255000 0.673820
0.257500 0.670450
0.260000 0.667090
0.262500 0.663740
0.265000 0.660410
0.267500 0.657090
0.270000 0.653790
0.272500 0.650500
0.275000 0.647220
0.277500 0.643960
0.280000 0.640720
0.282500 0.637490
0.285000 0.634270
0.287500 0.631070
0.290000 0.627890
0.292500 0.624720
0.295000 0.621570
0.297500 0.618430
0.300000 0.615310
0.302500 0.612210
0.305000 0.609120
0.307500 0.606050
0.310000 0.603010
0.312500 0.599980
0.315000 0.596970
0.317500 0.593990
0.320000 0.591030
0.322500 0.588110
0.325000 0.585240
0.327500 0.582430
0.330000 0.579700
0.332500 0.577090
0.335000 0.574630
0.337500 0.572370
0.340000 0.570360
0.342500 0.568640
0.345000 0.567260
0.347500 0.566230
0.350000 0.565550
0.352500 0.565170
0.355000 0.565020
0.357500 0.565020
0.360000 0.565110
0.362500 0.565470
0.365000 0.566280
0.367500 0.567570
0.370000 0.568790
0.372500 0.569750
0.375000 0.570510
0.377500 0.571120
0.380000 0.571600
0.382500 0.572000
0.385000 0.572330
0.387500 0.572610
0.390000 0.572850
0.392500 0.573060
0.395000 0.573240
0.397500 0.573400
0.400000 0.573540
0.402500 0.573670
0.405000 0.573790
0.407500 0.573890
0.410000 0.573980
0.412500 0.574070
0.415000 0.574150
0.417500 0.574220
0.420000 0.574280
0.422500 0.574340
0.425000 0.574400
0.427500 0.574450
0.430000 0.574490
0.432500 0.574540
0.435000 0.574580
0.437500 0.574610
0.440000 0.574640
0.442500 0.574680
0.445000 0.574700
0.447500 0.574730
0.450000 0.574760
0.452500 0.574780
0.455000 0.574800
0.457500 0.574820
0.460000 0.574840
0.462500 0.574850
0.465000 0.574870
0.467500 0.574880
0.470000 0.574900
0.472500 0.574910
0.475000 0.574920
0.477500 0.574930
0.480000 0.574940
0.482500 0.574950
0.485000 0.574960
0.487500 0.574970
0.490000 0.574970
0.492500 0.574980
0.495000 0.574990
0.497500 0.574990
0.500000 0.575000
0.502500 0.575000
0.505000 0.575010
0.507500 0.575010
0.510000 0.575020
0.512500 0.575020
0.515000 0.575020
0.517500 0.575030
0.520000 0.575030
0.522500 0.575030
0.525000 0.575030
0.527500 0.575030
0.530000 0.575040
0.532500 0.575040
0.535000 0.575040
0.537500 0.575040
0.540000 0.575040
0.542500 0.575040
0.545000 0.575040
0.547500 0.575040
0.550000 0.575050
0.552500 0.575050
0.555000 0.575050
0.557500 0.575050
0.560000 0.575050
0.562500 0.575050
0.565000 0.575050
0.567500 0.575050
0.570000 0.575050
0.572500 0.575050
0.575000 0.575050
0.577500 0.575040
0.580000 0.575040
0.582500 0.575040
0.585000 0.575040
0.587500 0.575040
0.590000 0.575040
0.592500 0.575040
0.595000 0.575040
0.597500 0.575030
0.600000 0.575030
0.602500 0.575030
0.605000 0.575020
0.607500 0.575020
0.610000 0.575020
0.612500 0.575010
0.615000 0.575010
0.617500 0.575010
0.620000 0.575000
0.622500 0.575000
0.625000 0.575000
0.627500 0.575000
0.630000 0.575000
0.632500 0.574990
0.635000 0.574990
0.637500 0.574990
0.640000 0.574990
0.642500 0.574990
0.645000 0.574980
0.647500 0.574980
0.650000 0.574980
0.652500 0.574970
0.655000 0.574970
0.657500 0.574970
0.660000 0.574960
0.662500 0.574960
0.665000 0.574950
0.667500 0.574940
0.670000 0.574920
0.672500 0.574920
0.675000 0.574920
0.677500 0.574920
0.680000 0.574940
0.682500 0.574980
0.685000 0.575070
0.687500 0.575250
0.690000 0.575610
0.692500 0.576280
0.695000 0.577490
0.697500 0.579600
0.700000 0.583220
0.702500 0.589260
0.705000 0.599110
0.707500 0.614810
0.710000 0.639290
0.712500 0.676570
0.715000 0.732070
0.717500 0.812760
0.720000 0.927330
0.722500 1.086080
0.725000 1.300640
0.727500 1.583240
0.730000 1.945680
0.732500 2.397800
0.735000 2.945550
0.737500 3.588940
0.740000 4.266110
0.742500 4.797670
0.745000 5.187410
0.747500 5.463900
0.750000 5.654230
0.752500 5.781640
0.755000 5.864760
0.757500 5.917720
0.760000 5.950720
0.762500 5.970800
0.765000 5.982530
0.767500 5.988350
0.770000 5.987990
0.772500 5.975270
0.775000 5.926610
0.777500 5.766280
0.780000 5.281030
0.782500 4.079760
0.785000 2.205340
0.787500 1.154350
0.790000 1.017480
0.792500 1.000910
0.795000 1.000000
0.797500 1.000000
0.800000 1.000000
0.802500 1.000000
0.805000 1.000000
0.807500 1.000000
0.810000 1.000000
0.812500 1.000000
0.815000 1.000000
0.817500 1.000000
0.820000 1.000000
0.822500 1.000000
0.825000 1.000000
0.827500 1.000000
0.830000 1.000000
0.832500 1.000000
0.835000 1.000000
0.837500 1.000000
0.840000 1.000000
0.842500 1.000000
0.845000 1.000000
0.847500 1.000000
0.850000 1.000000
0.852500 1.000000
0.855000 1.000000
0.857500 1.000000
0.860000 1.000000
0.862500 1.000000
0.865000 1.000000
0.867500 1.000000
0.870000 1.000000
0.872500 1.000000
0.875000 1.000000
0.877500 1.000000
0.880000 1.000000
0.882500 1.000000
0.885000 1.000000
0.887500 1.000000
0.890000 1.000000
0.892500 1.000000
0.895000 1.000000
0.897500 1.000000
0.900000 1.000000
0.902500 1.000000
0.905000 1.000000
0.907500 1.000000
0.910000 1.000000
0.912500 1.000000
0.915000 1.000000
0.917500 1.000000
0.920000 1.000000
0.922500 1.000000
0.925000 1.000000
0.927500 1.000000
0.930000 1.000000
0.932500 1.000000
0.935000 1.000000
0.937500 1.000000
0.940000 1.000000
0.942500 1.000000
0.945000 1.000000
0.947500 1.000000
0.950000 1.000000
0.952500 1.000000
0.955000 1.000000
0.957500 1.000000
0.960000 1.000000
0.962500 1.000000
0.965000 1.000000
0.967500 1.000000
0.970000 1.000000
0.972500 1.000000
0.975000 1.000000
0.977500 1.000000
0.980000 1.000000
0.982500 1.000000
0.985000 1.000000
0.987500 1.000000
0.990000 1.000000
0.992500 1.000000
0.995000 1.000000
0.997500 1.000000
1.000000 1.000000
