0.000000 1.000000
0.002500 1.000000
0.005000 1.000000
0.007500 1.000000
0.010000 1.000000
0.012500 1.000000
0.015000 1.000000
0.017500 1.000000
0.020000 0.999990
0.022500 0.999970
0.025000 0.999940
0.027500 0.999870
0.030000 0.999750
0.032500 0.999530
0.035000 0.999160
0.037500 0.998600
0.040000 0.997770
0.042500 0.996610
0.045000 0.995070
0.047500 0.993130
0.050000 0.990790
0.052500 0.988070
0.055000 0.985000
0.057500 0.981640
0.060000 0.978040
0.062500 0.974260
0.065000 0.970330
0.067500 0.966290
0.070000 0.962180
0.072500 0.958010
0.075000 0.953800
0.077500 0.949570
0.080000 0.945320
0.082500 0.941060
0.085000 0.936790
0.087500 0.932520
0.090000 0.928260
0.092500 0.923990
0.095000 0.919730
0.097500 0.915480
0.100000 0.911230
0.102500 0.906990
0.105000 0.902760
0.107500 0.898540
0.110000 0.894330
0.112500 0.890130
0.115000 0.885940
0.117500 0.881770
0.120000 0.877610
0.122500 0.873460
0.125000 0.869320
0.127500 0.865190
0.130000 0.861080
0.132500 0.856980
0.135000 0.852900
0.137500 0.848820
0.140000 0.844770
0.142500 0.840720
0.145000 0.836690
0.147500 0.832670
0.150000 0.828670
0.152500 0.824680
0.155000 0.820710
0.157500 0.816750
0.160000 0.812800
0.162500 0.808870
0.165000 0.804950
0.167500 0.801040
0.170000 0.797150
0.172500 0.793280
0.175000 0.789410
0.177500 0.785570
0.180000 0.781730
0.182500 0.777910
0.185000 0.774110
0.187500 0.770320
0.190000 0.766540
0.192500 0.762780
0.195000 0.759030
0.197500 0.755290
0.200000 0.751570
0.202500 0.747870
0.205000 0.744180
0.207500 0.740500
0.210000 0.736840
0.212500 0.733190
0.215000 0.729550
0.217500 0.725930
0.220000 0.722320
0.222500 0.718730
0.225000 0.715150
0.227500 0.711590
0.230000 0.708040
0.232500 0.704500
0.235000 0.700980
0.237500 0.697470
0.240000 0.693970
0.242500 0.690490
0.245000 0.687020
0.247500 0.683570
0.250000 0.680130
0.252500 0.676710
0.255000 0.673290
0.257500 0.669890
0.260000 0.666510
0.262500 0.663140
0.265000 0.659780
0.267500 0.656440
0.270000 0.653110
0.272500 0.649790
0.275000 0.646490
0.277500 0.643200
0.280000 0.639920
0.282500 0.636650
0.285000 0.633400
0.287500 0.630170
0.290000 0.626940
0.292500 0.623730
0.295000 0.620530
0.297500 0.617340
0.300000 0.614170
0.302500 0.611000
0.305000 0.607850
0.307500 0.604720
0.310000 0.601590
0.312500 0.598470
0.315000 0.595370
0.317500 0.592270
0.320000 0.589180
0.322500 0.586100
0.325000 0.583020
0.327500 0.579940
0.330000 0.576870
0.332500 0.573790
0.335000 0.570760
0.337500 0.567890
0.340000 0.565410
0.342500 0.563540
0.345000 0.562380
0.347500 0.561820
0.350000 0.561640
0.352500 0.561620
0.355000 0.561840
0.357500 0.562820
0.360000 0.564770
0.362500 0.567230
0.365000 0.569250
0.367500 0.570540
0.370000 0.571350
0.372500 0.571910
0.375000 0.572350
0.377500 0.572720
0.380000 0.573040
0.382500 0.573320
0.385000 0.573570
0.387500 0.573780
0.390000 0.573960
0.392500 0.574120
0.395000 0.574270
0.397500 0.574400
0.400000 0.574520
0.402500 0.574630
0.405000 0.574720
0.407500 0.574810
0.410000 0.574890
0.412500 0.574960
0.415000 0.575020
0.417500 0.575080
0.420000 0.575130
0.422500 0.575180
0.425000 0.575220
0.427500 0.575260
0.430000 0.575300
0.432500 0.575330
0.435000 0.575360
0.437500 0.575390
0.440000 0.575420
0.442500 0.575450
0.445000 0.575480
0.447500 0.575500
0.450000 0.575520
0.452500 0.575530
0.455000 0.575530
0.457500 0.575530
0.460000 0.575530
0.462500 0.575520
0.465000 0.575500
0.467500 0.575470
0.470000 0.575430
0.472500 0.575380
0.475000 0.575320
0.477500 0.575260
0.480000 0.575200
0.482500 0.575140
0.485000 0.575090
0.487500 0.575050
0.490000 0.575020
0.492500 0.575000
0.495000 0.574990
0.497500 0.574980
0.500000 0.574980
0.502500 0.574980
0.505000 0.574980
0.507500 0.574980
0.510000 0.574990
0.512500 0.574990
0.515000 0.575000
0.517500 0.575010
0.520000 0.575010
0.522500 0.575020
0.525000 0.575030
0.527500 0.575030
0.530000 0.575040
0.532500 0.575040
0.535000 0.575050
0.537500 0.575050
0.540000 0.575050
0.542500 0.575060
0.545000 0.575060
0.547500 0.575060
0.550000 0.575070
0.552500 0.575070
0.555000 0.575070
0.557500 0.575070
0.560000 0.575070
0.562500 0.575080
0.565000 0.575080
0.567500 0.575080
0.570000 0.575080
0.572500 0.575080
0.575000 0.575080
0.577500 0.575080
0.580000 0.575090
0.582500 0.575090
0.585000 0.575090
0.587500 0.575090
0.590000 0.575090
0.592500 0.575090
0.595000 0.575090
0.597500 0.575090
0.600000 0.575090
0.602500 0.575090
0.605000 0.575090
0.607500 0.575090
0.610000 0.575090
0.612500 0.575090
0.615000 0.575090
0.617500 0.575090
0.620000 0.575090
0.622500 0.575090
0.625000 0.575090
0.627500 0.575090
0.630000 0.575090
0.632500 0.575090
0.635000 0.575090
0.637500 0.575090
0.640000 0.575090
0.642500 0.575090
0.645000 0.575090
0.647500 0.575090
0.650000 0.575090
0.652500 0.575090
0.655000 0.575090
0.657500 0.575090
0.660000 0.575090
0.662500 0.575090
0.665000 0.575090
0.667500 0.575090
0.670000 0.575090
0.672500 0.575090
0.675000 0.575090
0.677500 0.575090
0.680000 0.575090
0.682500 0.575090
0.685000 0.575090
0.687500 0.575090
0.690000 0.575090
0.692500 0.575100
0.695000 0.575110
0.697500 0.575140
0.700000 0.575220
0.702500 0.575420
0.705000 0.575890
0.707500 0.576990
0.710000 0.579470
0.712500 0.584900
0.715000 0.596390
0.717500 0.619910
0.720000 0.666440
0.722500 0.755200
0.725000 0.918000
0.727500 1.203230
0.730000 1.672680
0.732500 2.369700
0.735000 3.236250
0.737500 4.090780
0.740000 4.791010
0.742500 5.292910
0.745000 5.615360
0.747500 5.803710
0.750000 5.904820
0.752500 5.955270
0.755000 5.978980
0.757500 5.989710
0.760000 5.994520
0.762500 5.996730
0.765000 5.997820
0.767500 5.998360
0.770000 5.998360
0.772500 5.996220
0.775000 5.980160
0.777500 5.873810
0.780000 5.296600
0.782500 3.530700
0.785000 1.580290
0.787500 1.048910
0.790000 1.005620
0.792500 1.000020
0.795000 1.000000
0.797500 1.000000
0.800000 1.000000
0.802500 1.000000
0.805000 1.000000
0.807500 1.000000
0.810000 1.000000
0.812500 1.000000
0.815000 1.000000
0.817500 1.000000
0.820000 1.000000
0.822500 1.000000
0.825000 1.000000
0.827500 1.000000
0.830000 1.000000
0.832500 1.000000
0.835000 1.000000
0.837500 1.000000
0.840000 1.000000
0.842500 1.000000
0.845000 1.000000
0.847500 1.000000
0.850000 1.000000
0.852500 1.000000
0.855000 1.000000
0.857500 1.000000
0.860000 1.000000
0.862500 1.000000
0.865000 1.000000
0.867500 1.000000
0.870000 1.000000
0.872500 1.000000
0.875000 1.000000
0.877500 1.000000
0.880000 1.000000
0.882500 1.000000
0.885000 1.000000
0.887500 1.000000
0.890000 1.000000
0.892500 1.000000
0.895000 1.000000
0.897500 1.000000
0.900000 1.000000
0.902500 1.000000
0.905000 1.000000
0.907500 1.000000
0.910000 1.000000
0.912500 1.000000
0.915000 1.000000
0.917500 1.000000
0.920000 1.000000
0.922500 1.000000
0.925000 1.000000
0.927500 1.000000
0.930000 1.000000
0.932500 1.000000
0.935000 1.000000
0.937500 1.000000
0.940000 1.000000
0.942500 1.000000
0.945000 1.000000
0.947500 1.000000
0.950000 1.000000
0.952500 1.000000
0.955000 1.000000
0.957500 1.000000
0.960000 1.000000
0.962500 1.000000
0.965000 1.000000
0.967500 1.000000
0.970000 1.000000
0.972500 1.000000
0.975000 1.000000
0.977500 1.000000
0.980000 1.000000
0.982500 1.000000
0.985000 1.000000
0.987500 1.000000
0.990000 1.000000
0.992500 1.000000
0.995000 1.000000
0.997500 1.000000
1.000000 1.000000
