0.000000 0.999950
0.002500 0.999950
0.005000 0.999950
0.007500 0.999200
0.010000 0.998640
0.012500 0.998210
0.015000 0.997990
0.017500 0.998450
0.020000 1.000820
0.022500 1.003600
0.025000 1.006310
0.027500 1.008680
0.030000 1.010520
0.032500 1.011750
0.035000 1.012390
0.037500 1.012490
0.040000 1.010300
0.042500 1.006820
0.045000 1.003020
0.047500 0.999040
0.050000 0.994930
0.052500 0.990740
0.055000 0.986490
0.057500 0.982200
0.060000 0.977870
0.062500 0.973530
0.065000 0.969170
0.067500 0.964810
0.070000 0.960450
0.072500 0.956090
0.075000 0.951730
0.077500 0.947370
0.080000 0.943030
0.082500 0.938690
0.085000 0.934360
0.087500 0.930040
0.090000 0.925740
0.092500 0.921450
0.095000 0.917160
0.097500 0.912900
0.100000 0.908640
0.102500 0.904400
0.105000 0.900170
0.107500 0.895950
0.110000 0.891750
0.112500 0.887570
0.115000 0.883400
0.117500 0.879240
0.120000 0.875090
0.122500 0.870960
0.125000 0.866850
0.127500 0.862750
0.130000 0.858660
0.132500 0.854590
0.135000 0.850540
0.137500 0.846500
0.140000 0.842470
0.142500 0.838460
0.145000 0.834460
0.147500 0.830480
0.150000 0.826510
0.152500 0.822560
0.155000 0.818620
0.157500 0.814690
0.160000 0.810780
0.162500 0.806890
0.165000 0.803010
0.167500 0.799140
0.170000 0.795290
0.172500 0.791460
0.175000 0.787630
0.177500 0.783830
0.180000 0.780030
0.182500 0.776250
0.185000 0.772490
0.187500 0.768740
0.190000 0.765000
0.192500 0.761280
0.195000 0.757580
0.197500 0.753880
0.200000 0.750200
0.202500 0.746540
0.205000 0.742890
0.207500 0.739250
0.210000 0.735630
0.212500 0.732020
0.215000 0.728420
0.217500 0.724840
0.220000 0.721280
0.222500 0.717720
0.225000 0.714180
0.227500 0.710660
0.230000 0.707150
0.232500 0.703650
0.235000 0.700160
0.237500 0.696690
0.240000 0.693240
0.242500 0.689790
0.245000 0.686360
0.247500 0.682940
0.250000 0.679540
0.252500 0.676150
0.255000 0.672770
0.257500 0.669410
0.260000 0.666060
0.262500 0.662720
0.265000 0.659400
0.267500 0.656090
0.270000 0.652790
0.272500 0.649500
0.275000 0.646230
0.277500 0.642970
0.280000 0.639730
0.282500 0.636500
0.285000 0.633280
0.287500 0.630070
0.290000 0.626880
0.292500 0.623700
0.295000 0.620540
0.297500 0.617380
0.300000 0.614250
0.302500 0.611120
0.305000 0.608010
0.307500 0.604920
0.310000 0.601830
0.312500 0.598770
0.315000 0.595720
0.317500 0.592680
0.320000 0.589670
0.322500 0.586680
0.325000 0.583720
0.327500 0.580790
0.330000 0.577930
0.332500 0.575150
0.335000 0.572490
0.337500 0.570000
0.340000 0.567760
0.342500 0.565830
0.345000 0.564280
0.347500 0.563160
0.350000 0.562490
0.352500 0.562240
0.355000 0.562400
0.357500 0.563800
0.360000 0.565390
0.362500 0.566870
0.365000 0.568140
0.367500 0.569180
0.370000 0.570020
0.372500 0.570700
0.375000 0.571260
0.377500 0.571720
0.380000 0.572110
0.382500 0.572450
0.385000 0.572740
0.387500 0.573000
0.390000 0.573230
0.392500 0.573430
0.395000 0.573610
0.397500 0.573780
0.400000 0.573930
0.402500 0.574070
0.405000 0.574210
0.407500 0.574340
0.410000 0.574460
0.412500 0.574570
0.415000 0.574660
0.417500 0.574740
0.420000 0.574780
0.422500 0.574810
0.425000 0.574810
0.427500 0.574800
0.430000 0.574790
0.432500 0.574870
0.435000 0.575110
0.437500 0.575400
0.440000 0.575690
0.442500 0.575980
0.445000 0.576220
0.447500 0.576420
0.450000 0.576560
0.452500 0.576650
0.455000 0.576690
0.457500 0.576700
0.460000 0.576630
0.462500 0.576480
0.465000 0.576320
0.467500 0.576160
0.470000 0.576010
0.472500 0.575860
0.475000 0.575730
0.477500 0.575610
0.480000 0.575510
0.482500 0.575420
0.485000 0.575350
0.487500 0.575290
0.490000 0.575250
0.492500 0.575220
0.495000 0.575190
0.497500 0.575170
0.500000 0.575160
0.502500 0.575160
0.505000 0.575150
0.507500 0.575150
0.510000 0.575150
0.512500 0.575150
0.515000 0.575160
0.517500 0.575160
0.520000 0.575160
0.522500 0.575170
0.525000 0.575170
0.527500 0.575170
0.530000 0.575170
0.532500 0.575180
0.535000 0.575180
0.537500 0.575180
0.540000 0.575180
0.542500 0.575180
0.545000 0.575180
0.547500 0.575180
0.550000 0.575180
0.552500 0.575170
0.555000 0.575170
0.557500 0.575170
0.560000 0.575170
0.562500 0.575170
0.565000 0.575170
0.567500 0.575170
0.570000 0.575170
0.572500 0.575170
0.575000 0.575170
0.577500 0.575170
0.580000 0.575170
0.582500 0.575170
0.585000 0.575170
0.587500 0.575170
0.590000 0.575160
0.592500 0.575160
0.595000 0.575160
0.597500 0.575160
0.600000 0.575160
0.602500 0.575160
0.605000 0.575160
0.607500 0.575160
0.610000 0.575150
0.612500 0.575150
0.615000 0.575150
0.617500 0.575150
0.620000 0.575140
0.622500 0.575140
0.625000 0.575140
0.627500 0.575130
0.630000 0.575130
0.632500 0.575130
0.635000 0.575120
0.637500 0.575120
0.640000 0.575120
0.642500 0.575110
0.645000 0.575110
0.647500 0.575110
0.650000 0.575110
0.652500 0.575100
0.655000 0.575100
0.657500 0.575100
0.660000 0.575100
0.662500 0.575090
0.665000 0.575090
0.667500 0.575090
0.670000 0.575090
0.672500 0.575090
0.675000 0.575080
0.677500 0.575080
0.680000 0.575080
0.682500 0.575080
0.685000 0.575080
0.687500 0.575090
0.690000 0.575100
0.692500 0.575150
0.695000 0.575270
0.697500 0.575570
0.700000 0.576250
0.702500 0.577720
0.705000 0.580730
0.707500 0.586610
0.710000 0.597560
0.712500 0.617090
0.715000 0.650490
0.717500 0.705260
0.720000 0.791450
0.722500 0.921650
0.725000 1.110470
0.727500 1.373220
0.730000 1.723810
0.732500 2.171850
0.735000 2.719340
0.737500 3.357470
0.740000 4.064420
0.742500 4.805030
0.745000 5.531690
0.747500 6.172030
0.750000 6.448610
0.752500 6.404000
0.755000 6.317420
0.757500 6.203940
0.760000 6.083000
0.762500 5.977060
0.765000 5.942500
0.767500 5.950810
0.770000 5.964200
0.772500 5.978150
0.775000 5.976250
0.777500 5.865500
0.780000 5.237010
0.782500 3.587910
0.785000 1.660040
0.787500 1.005090
0.790000 1.000890
0.792500 0.999970
0.795000 1.000000
0.797500 1.000000
0.800000 1.000000
0.802500 1.000000
0.805000 1.000000
0.807500 1.000000
0.810000 1.000000
0.812500 1.000000
0.815000 1.000000
0.817500 1.000000
0.820000 1.000000
0.822500 1.000000
0.825000 1.000000
0.827500 1.000000
0.830000 1.000000
0.832500 1.000000
0.835000 1.000000
0.837500 1.000000
0.840000 1.000000
0.842500 1.000000
0.845000 1.000000
0.847500 1.000000
0.850000 1.000000
0.852500 1.000000
0.855000 1.000000
0.857500 1.000000
0.860000 1.000000
0.862500 1.000000
0.865000 1.000000
0.867500 1.000000
0.870000 1.000000
0.872500 1.000000
0.875000 1.000000
0.877500 1.000000
0.880000 1.000000
0.882500 1.000000
0.885000 1.000000
0.887500 1.000000
0.890000 1.000000
0.892500 1.000000
0.895000 1.000000
0.897500 1.000000
0.900000 1.000000
0.902500 1.000000
0.905000 1.000000
0.907500 1.000000
0.910000 1.000000
0.912500 1.000000
0.915000 1.000000
0.917500 1.000000
0.920000 1.000000
0.922500 1.000000
0.925000 1.000000
0.927500 1.000000
0.930000 1.000000
0.932500 1.000000
0.935000 1.000000
0.937500 1.000000
0.940000 1.000000
0.942500 1.000000
0.945000 1.000000
0.947500 1.000000
0.950000 1.000000
0.952500 1.000000
0.955000 1.000000
0.957500 1.000000
0.960000 1.000000
0.962500 1.000000
0.965000 1.000000
0.967500 1.000000
0.970000 1.000000
0.972500 1.000000
0.975000 1.000000
0.977500 1.000000
0.980000 1.000000
0.982500 1.000000
0.985000 1.000000
0.987500 1.000000
0.990000 1.000000
0.992500 1.000000
0.995000 1.000000
0.997500 1.000000
1.000000 1.000000
