0.000000 1.000000
0.002500 1.000000
0.005000 1.000000
0.007500 1.000000
0.010000 1.000000
0.012500 1.000000
0.015000 1.000000
0.017500 1.000000
0.020000 1.000000
0.022500 1.000000
0.025000 1.000000
0.027500 1.000000
0.030000 1.000000
0.032500 1.000000
0.035000 1.000000
0.037500 1.000000
0.040000 1.000000
0.042500 1.000000
0.045000 1.000000
0.047500 1.000000
0.050000 1.000000
0.052500 0.999580
0.055000 0.995470
0.057500 0.990460
0.060000 0.985480
0.062500 0.980530
0.065000 0.975640
0.067500 0.970790
0.070000 0.966000
0.072500 0.961270
0.075000 0.956570
0.077500 0.951920
0.080000 0.947310
0.082500 0.942730
0.085000 0.938190
0.087500 0.933670
0.090000 0.929180
0.092500 0.924710
0.095000 0.920270
0.097500 0.915850
0.100000 0.911460
0.102500 0.907080
0.105000 0.902730
0.107500 0.898390
0.110000 0.894080
0.112500 0.889790
0.115000 0.885510
0.117500 0.881250
0.120000 0.877020
0.122500 0.872800
0.125000 0.868590
0.127500 0.864410
0.130000 0.860240
0.132500 0.856100
0.135000 0.851970
0.137500 0.847850
0.140000 0.843760
0.142500 0.839680
0.145000 0.835610
0.147500 0.831570
0.150000 0.827540
0.152500 0.823530
0.155000 0.819530
0.157500 0.815550
0.160000 0.811590
0.162500 0.807640
0.165000 0.803710
0.167500 0.799790
0.170000 0.795890
0.172500 0.792010
0.175000 0.788140
0.177500 0.784290
0.180000 0.780450
0.182500 0.776630
0.185000 0.772820
0.187500 0.769030
0.190000 0.765260
0.192500 0.761500
0.195000 0.757750
0.197500 0.754020
0.200000 0.750310
0.202500 0.746610
0.205000 0.742920
0.207500 0.739250
0.210000 0.735600
0.212500 0.731960
0.215000 0.728330
0.217500 0.724720
0.220000 0.721120
0.222500 0.717540
0.225000 0.713970
0.227500 0.710410
0.230000 0.706870
0.232500 0.703350
0.235000 0.699840
0.237500 0.696340
0.240000 0.692850
0.242500 0.689380
0.245000 0.685930
0.247500 0.682480
0.250000 0.679060
0.252500 0.675640
0.255000 0.672240
0.257500 0.668850
0.260000 0.665480
0.262500 0.662120
0.265000 0.658770
0.267500 0.655430
0.270000 0.652110
0.272500 0.648800
0.275000 0.645510
0.277500 0.642220
0.280000 0.638950
0.282500 0.635700
0.285000 0.632450
0.287500 0.629220
0.290000 0.626000
0.292500 0.622790
0.295000 0.619590
0.297500 0.616400
0.300000 0.613220
0.302500 0.610050
0.305000 0.606890
0.307500 0.603740
0.310000 0.600600
0.312500 0.597470
0.315000 0.594340
0.317500 0.591220
0.320000 0.588100
0.322500 0.584980
0.325000 0.581840
0.327500 0.578700
0.330000 0.575530
0.332500 0.572340
0.335000 0.569100
0.337500 0.565810
0.340000 0.562450
0.342500 0.559050
0.345000 0.555690
0.347500 0.553870
0.350000 0.553350
0.352500 0.553250
0.355000 0.553800
0.357500 0.559480
0.360000 0.566180
0.362500 0.569400
0.365000 0.570450
0.367500 0.570880
0.370000 0.571250
0.372500 0.571730
0.375000 0.572280
0.377500 0.572840
0.380000 0.573410
0.382500 0.573970
0.385000 0.574530
0.387500 0.575050
0.390000 0.575570
0.392500 0.576090
0.395000 0.576610
0.397500 0.577120
0.400000 0.577600
0.402500 0.577840
0.405000 0.577910
0.407500 0.577930
0.410000 0.577930
0.412500 0.577930
0.415000 0.577800
0.417500 0.577480
0.420000 0.577170
0.422500 0.576860
0.425000 0.576550
0.427500 0.576250
0.430000 0.575960
0.432500 0.575660
0.435000 0.575370
0.437500 0.575160
0.440000 0.575080
0.442500 0.575060
0.445000 0.575050
0.447500 0.575050
0.450000 0.575050
0.452500 0.575050
0.455000 0.575050
0.457500 0.575070
0.460000 0.575100
0.462500 0.575130
0.465000 0.575160
0.467500 0.575190
0.470000 0.575210
0.472500 0.575240
0.475000 0.575260
0.477500 0.575290
0.480000 0.575300
0.482500 0.575300
0.485000 0.575300
0.487500 0.575310
0.490000 0.575310
0.492500 0.575310
0.495000 0.575310
0.497500 0.575300
0.500000 0.575300
0.502500 0.575290
0.505000 0.575290
0.507500 0.575280
0.510000 0.575270
0.512500 0.575260
0.515000 0.575250
0.517500 0.575240
0.520000 0.575230
0.522500 0.575220
0.525000 0.575200
0.527500 0.575190
0.530000 0.575180
0.532500 0.575170
0.535000 0.575160
0.537500 0.575150
0.540000 0.575140
0.542500 0.575130
0.545000 0.575120
0.547500 0.575120
0.550000 0.575110
0.552500 0.575110
0.555000 0.575100
0.557500 0.575100
0.560000 0.575100
0.562500 0.575100
0.565000 0.575100
0.567500 0.575100
0.570000 0.575100
0.572500 0.575100
0.575000 0.575100
0.577500 0.575100
0.580000 0.575110
0.582500 0.575110
0.585000 0.575110
0.587500 0.575110
0.590000 0.575110
0.592500 0.575110
0.595000 0.575110
0.597500 0.575110
0.600000 0.575120
0.602500 0.575120
0.605000 0.575120
0.607500 0.575120
0.610000 0.575120
0.612500 0.575120
0.615000 0.575130
0.617500 0.575130
0.620000 0.575130
0.622500 0.575130
0.625000 0.575140
0.627500 0.575140
0.630000 0.575140
0.632500 0.575140
0.635000 0.575150
0.637500 0.575150
0.640000 0.575150
0.642500 0.575160
0.645000 0.575160
0.647500 0.575170
0.650000 0.575170
0.652500 0.575180
0.655000 0.575180
0.657500 0.575190
0.660000 0.575190
0.662500 0.575200
0.665000 0.575210
0.667500 0.575210
0.670000 0.575220
0.672500 0.575230
0.675000 0.575240
0.677500 0.575250
0.680000 0.575260
0.682500 0.575270
0.685000 0.575290
0.687500 0.575320
0.690000 0.575350
0.692500 0.575380
0.695000 0.575410
0.697500 0.575450
0.700000 0.575480
0.702500 0.575510
0.705000 0.575530
0.707500 0.575550
0.710000 0.575580
0.712500 0.575670
0.715000 0.575910
0.717500 0.576640
0.720000 0.578920
0.722500 0.586090
0.725000 0.608800
0.727500 0.680870
0.730000 0.909810
0.732500 1.637230
0.735000 3.212880
0.737500 4.876840
0.740000 5.980720
0.742500 6.009960
0.745000 6.009920
0.747500 6.009870
0.750000 6.009800
0.752500 6.009660
0.755000 6.009260
0.757500 6.008150
0.760000 6.006570
0.762500 6.004970
0.765000 6.003320
0.767500 6.001660
0.770000 5.999840
0.772500 5.996670
0.775000 5.983010
0.777500 5.890230
0.780000 5.276280
0.782500 3.077070
0.785000 1.249710
0.787500 0.984390
0.790000 0.999990
0.792500 1.000000
0.795000 1.000000
0.797500 1.000000
0.800000 1.000000
0.802500 1.000000
0.805000 1.000000
0.807500 1.000000
0.810000 1.000000
0.812500 1.000000
0.815000 1.000000
0.817500 1.000000
0.820000 1.000000
0.822500 1.000000
0.825000 1.000000
0.827500 1.000000
0.830000 1.000000
0.832500 1.000000
0.835000 1.000000
0.837500 1.000000
0.840000 1.000000
0.842500 1.000000
0.845000 1.000000
0.847500 1.000000
0.850000 1.000000
0.852500 1.000000
0.855000 1.000000
0.857500 1.000000
0.860000 1.000000
0.862500 1.000000
0.865000 1.000000
0.867500 1.000000
0.870000 1.000000
0.872500 1.000000
0.875000 1.000000
0.877500 1.000000
0.880000 1.000000
0.882500 1.000000
0.885000 1.000000
0.887500 1.000000
0.890000 1.000000
0.892500 1.000000
0.895000 1.000000
0.897500 1.000000
0.900000 1.000000
0.902500 1.000000
0.905000 1.000000
0.907500 1.000000
0.910000 1.000000
0.912500 1.000000
0.915000 1.000000
0.917500 1.000000
0.920000 1.000000
0.922500 1.000000
0.925000 1.000000
0.927500 1.000000
0.930000 1.000000
0.932500 1.000000
0.935000 1.000000
0.937500 1.000000
0.940000 1.000000
0.942500 1.000000
0.945000 1.000000
0.947500 1.000000
0.950000 1.000000
0.952500 1.000000
0.955000 1.000000
0.957500 1.000000
0.960000 1.000000
0.962500 1.000000
0.965000 1.000000
0.967500 1.000000
0.970000 1.000000
0.972500 1.000000
0.975000 1.000000
0.977500 1.000000
0.980000 1.000000
0.982500 1.000000
0.985000 1.000000
0.987500 1.000000
0.990000 1.000000
0.992500 1.000000
0.995000 1.000000
0.997500 1.000000
1.000000 1.000000
