0.000000 0.999990
0.002500 0.999990
0.005000 0.999990
0.007500 0.999980
0.010000 0.999960
0.012500 0.999940
0.015000 0.999900
0.017500 0.999850
0.020000 0.999770
0.022500 0.999650
0.025000 0.999470
0.027500 0.999220
0.030000 0.998860
0.032500 0.998370
0.035000 0.997710
0.037500 0.996850
0.040000 0.995730
0.042500 0.994330
0.045000 0.992620
0.047500 0.990590
0.050000 0.988230
0.052500 0.985550
0.055000 0.982590
0.057500 0.979370
0.060000 0.975940
0.062500 0.972330
0.065000 0.968580
0.067500 0.964720
0.070000 0.960780
0.072500 0.956760
0.075000 0.952700
0.077500 0.948610
0.080000 0.944480
0.082500 0.940330
0.085000 0.936170
0.087500 0.932000
0.090000 0.927820
0.092500 0.923640
0.095000 0.919460
0.097500 0.915280
0.100000 0.911100
0.102500 0.906920
0.105000 0.902760
0.107500 0.898590
0.110000 0.894440
0.112500 0.890290
0.115000 0.886150
0.117500 0.882020
0.120000 0.877900
0.122500 0.873790
0.125000 0.869690
0.127500 0.865600
0.130000 0.861520
0.132500 0.857460
0.135000 0.853400
0.137500 0.849360
0.140000 0.845330
0.142500 0.841310
0.145000 0.837300
0.147500 0.833310
0.150000 0.829330
0.152500 0.825360
0.155000 0.821400
0.157500 0.817460
0.160000 0.813530
0.162500 0.809610
0.165000 0.805710
0.167500 0.801810
0.170000 0.797940
0.172500 0.794070
0.175000 0.790220
0.177500 0.786380
0.180000 0.782550
0.182500 0.778740
0.185000 0.774940
0.187500 0.771160
0.190000 0.767390
0.192500 0.763630
0.195000 0.759880
0.197500 0.756150
0.200000 0.752430
0.202500 0.748730
0.205000 0.745030
0.207500 0.741360
0.210000 0.737690
0.212500 0.734040
0.215000 0.730400
0.217500 0.726780
0.220000 0.723160
0.222500 0.719570
0.225000 0.715980
0.227500 0.712410
0.230000 0.708850
0.232500 0.705310
0.235000 0.701780
0.237500 0.698260
0.240000 0.694750
0.242500 0.691260
0.245000 0.687790
0.247500 0.684320
0.250000 0.680870
0.252500 0.677430
0.255000 0.674010
0.257500 0.670600
0.260000 0.667200
0.262500 0.663810
0.265000 0.660440
0.267500 0.657080
0.270000 0.653740
0.272500 0.650410
0.275000 0.647090
0.277500 0.643780
0.280000 0.640490
0.282500 0.637210
0.285000 0.633940
0.287500 0.630690
0.290000 0.627450
0.292500 0.624220
0.295000 0.621000
0.297500 0.617800
0.300000 0.614600
0.302500 0.611420
0.305000 0.608250
0.307500 0.605100
0.310000 0.601950
0.312500 0.598810
0.315000 0.595690
0.317500 0.592570
0.320000 0.589460
0.322500 0.586350
0.325000 0.583240
0.327500 0.580120
0.330000 0.576990
0.332500 0.573860
0.335000 0.570750
0.337500 0.567800
0.340000 0.565300
0.342500 0.563540
0.345000 0.562600
0.347500 0.562250
0.350000 0.562180
0.352500 0.562210
0.355000 0.562440
0.357500 0.563120
0.360000 0.564590
0.362500 0.566980
0.365000 0.569400
0.367500 0.570950
0.370000 0.571790
0.372500 0.572300
0.375000 0.572670
0.377500 0.572990
0.380000 0.573280
0.382500 0.573530
0.385000 0.573740
0.387500 0.573920
0.390000 0.574070
0.392500 0.574200
0.395000 0.574320
0.397500 0.574430
0.400000 0.574520
0.402500 0.574600
0.405000 0.574680
0.407500 0.574750
0.410000 0.574820
0.412500 0.574880
0.415000 0.574930
0.417500 0.574980
0.420000 0.575030
0.422500 0.575070
0.425000 0.575110
0.427500 0.575150
0.430000 0.575180
0.432500 0.575210
0.435000 0.575240
0.437500 0.575260
0.440000 0.575280
0.442500 0.575310
0.445000 0.575330
0.447500 0.575350
0.450000 0.575370
0.452500 0.575390
0.455000 0.575390
0.457500 0.575400
0.460000 0.575400
0.462500 0.575400
0.465000 0.575400
0.467500 0.575400
0.470000 0.575390
0.472500 0.575380
0.475000 0.575360
0.477500 0.575340
0.480000 0.575310
0.482500 0.575270
0.485000 0.575230
0.487500 0.575180
0.490000 0.575130
0.492500 0.575090
0.495000 0.575040
0.497500 0.575010
0.500000 0.574980
0.502500 0.574970
0.505000 0.574960
0.507500 0.574960
0.510000 0.574960
0.512500 0.574960
0.515000 0.574960
0.517500 0.574960
0.520000 0.574960
0.522500 0.574960
0.525000 0.574970
0.527500 0.574980
0.530000 0.574980
0.532500 0.574990
0.535000 0.574990
0.537500 0.575000
0.540000 0.575000
0.542500 0.575010
0.545000 0.575020
0.547500 0.575020
0.550000 0.575020
0.552500 0.575030
0.555000 0.575030
0.557500 0.575030
0.560000 0.575040
0.562500 0.575040
0.565000 0.575040
0.567500 0.575040
0.570000 0.575050
0.572500 0.575050
0.575000 0.575050
0.577500 0.575050
0.580000 0.575060
0.582500 0.575060
0.585000 0.575060
0.587500 0.575060
0.590000 0.575060
0.592500 0.575070
0.595000 0.575070
0.597500 0.575070
0.600000 0.575070
0.602500 0.575070
0.605000 0.575070
0.607500 0.575070
0.610000 0.575070
0.612500 0.575080
0.615000 0.575080
0.617500 0.575080
0.620000 0.575080
0.622500 0.575080
0.625000 0.575080
0.627500 0.575080
0.630000 0.575080
0.632500 0.575080
0.635000 0.575080
0.637500 0.575080
0.640000 0.575080
0.642500 0.575080
0.645000 0.575080
0.647500 0.575080
0.650000 0.575080
0.652500 0.575080
0.655000 0.575080
0.657500 0.575080
0.660000 0.575080
0.662500 0.575080
0.665000 0.575080
0.667500 0.575080
0.670000 0.575080
0.672500 0.575080
0.675000 0.575080
0.677500 0.575070
0.680000 0.575070
0.682500 0.575070
0.685000 0.575070
0.687500 0.575060
0.690000 0.575060
0.692500 0.575060
0.695000 0.575060
0.697500 0.575060
0.700000 0.575080
0.702500 0.575150
0.705000 0.575340
0.707500 0.575840
0.710000 0.577140
0.712500 0.580320
0.715000 0.587890
0.717500 0.605330
0.720000 0.644200
0.722500 0.727710
0.725000 0.899430
0.727500 1.230410
0.730000 1.800500
0.732500 2.608290
0.735000 3.486060
0.737500 4.239790
0.740000 4.808510
0.742500 5.213340
0.745000 5.491460
0.747500 5.677170
0.750000 5.798170
0.752500 5.875350
0.755000 5.923690
0.757500 5.953500
0.760000 5.971670
0.762500 5.982630
0.765000 5.989210
0.767500 5.993130
0.770000 5.995270
0.772500 5.994920
0.775000 5.982460
0.777500 5.886640
0.780000 5.307160
0.782500 3.469650
0.785000 1.546620
0.787500 1.057930
0.790000 1.006330
0.792500 1.000110
0.795000 1.000000
0.797500 1.000000
0.800000 1.000000
0.802500 1.000000
0.805000 1.000000
0.807500 1.000000
0.810000 1.000000
0.812500 1.000000
0.815000 1.000000
0.817500 1.000000
0.820000 1.000000
0.822500 1.000000
0.825000 1.000000
0.827500 1.000000
0.830000 1.000000
0.832500 1.000000
0.835000 1.000000
0.837500 1.000000
0.840000 1.000000
0.842500 1.000000
0.845000 1.000000
0.847500 1.000000
0.850000 1.000000
0.852500 1.000000
0.855000 1.000000
0.857500 1.000000
0.860000 1.000000
0.862500 1.000000
0.865000 1.000000
0.867500 1.000000
0.870000 1.000000
0.872500 1.000000
0.875000 1.000000
0.877500 1.000000
0.880000 1.000000
0.882500 1.000000
0.885000 1.000000
0.887500 1.000000
0.890000 1.000000
0.892500 1.000000
0.895000 1.000000
0.897500 1.000000
0.900000 1.000000
0.902500 1.000000
0.905000 1.000000
0.907500 1.000000
0.910000 1.000000
0.912500 1.000000
0.915000 1.000000
0.917500 1.000000
0.920000 1.000000
0.922500 1.000000
0.925000 1.000000
0.927500 1.000000
0.930000 1.000000
0.932500 1.000000
0.935000 1.000000
0.937500 1.000000
0.940000 1.000000
0.942500 1.000000
0.945000 1.000000
0.947500 1.000000
0.950000 1.000000
0.952500 1.000000
0.955000 1.000000
0.957500 1.000000
0.960000 1.000000
0.962500 1.000000
0.965000 1.000000
0.967500 1.000000
0.970000 1.000000
0.972500 1.000000
0.975000 1.000000
0.977500 1.000000
0.980000 1.000000
0.982500 1.000000
0.985000 1.000000
0.987500 1.000000
0.990000 1.000000
0.992500 1.000000
0.995000 1.000000
0.997500 1.000000
1.000000 1.000000
