-1.000000 3.860000
-0.980000 3.860000
-0.960000 3.860000
-0.940000 3.860000
-0.920000 3.860000
-0.900000 3.860000
-0.880000 3.860000
-0.860000 3.860000
-0.840000 3.860000
-0.820000 3.860000
-0.800000 3.860000
-0.780000 3.860000
-0.760000 3.860000
-0.740000 3.860000
-0.720000 3.860000
-0.700000 3.860000
-0.680000 3.860000
-0.660000 3.860000
-0.640000 3.860000
-0.620000 3.860000
-0.600000 3.860000
-0.580000 3.860000
-0.560000 3.860000
-0.540000 3.860000
-0.520000 3.860000
-0.500000 3.860000
-0.480000 3.860000
-0.460000 3.860000
-0.440000 3.860000
-0.420000 3.860000
-0.400000 3.860000
-0.380000 3.860000
-0.360000 3.860000
-0.340000 3.860010
-0.320000 3.860020
-0.300000 3.860070
-0.280000 3.860180
-0.260000 3.860450
-0.240000 3.861060
-0.220000 3.862330
-0.200000 3.864830
-0.180000 3.869430
-0.160000 3.876980
-0.140000 3.886760
-0.120000 3.895540
-0.100000 3.900800
-0.080000 3.902420
-0.060000 3.902070
-0.040000 3.899740
-0.020000 3.893890
0.000000 3.883740
0.020000 3.870320
0.040000 3.855310
0.060000 3.839670
0.080000 3.823790
0.100000 3.807840
0.120000 3.791910
0.140000 3.776050
0.160000 3.760300
0.180000 3.744720
0.200000 3.729350
0.220000 3.714240
0.240000 3.699450
0.260000 3.685060
0.280000 3.671200
0.300000 3.658110
0.320000 3.646240
0.340000 3.636310
0.360000 3.629250
0.380000 3.625730
0.400000 3.625180
0.420000 3.626360
0.440000 3.631160
0.460000 3.643350
0.480000 3.668470
0.500000 3.713080
0.520000 3.778490
0.540000 3.852360
0.560000 3.918970
0.580000 3.971540
0.600000 4.010230
0.620000 4.037490
0.640000 4.055770
0.660000 4.066990
0.680000 4.072810
0.700000 4.074800
0.720000 4.074790
0.740000 4.073520
0.760000 4.069980
0.780000 4.063490
0.800000 4.054450
0.820000 4.043730
0.840000 4.031830
0.860000 4.018950
0.880000 4.005150
0.900000 3.990460
0.920000 3.974930
0.940000 3.958610
0.960000 3.941560
0.980000 3.923840
1.000000 3.905560
1.020000 3.886850
1.040000 3.867820
1.060000 3.848600
1.080000 3.829250
1.100000 3.809840
1.120000 3.790420
1.140000 3.771080
1.160000 3.751950
1.180000 3.733160
1.200000 3.714840
1.220000 3.697090
1.240000 3.680050
1.260000 3.663900
1.280000 3.649070
1.300000 3.636300
1.320000 3.626570
1.340000 3.620750
1.360000 3.618780
1.380000 3.619050
1.400000 3.621600
1.420000 3.628870
1.440000 3.643760
1.460000 3.668300
1.480000 3.702200
1.500000 3.743280
1.520000 3.788680
1.540000 3.835280
1.560000 3.880220
1.580000 3.921490
1.600000 3.957980
1.620000 3.989310
1.640000 4.015480
1.660000 4.036760
1.680000 4.053720
1.700000 4.066450
1.720000 4.074540
1.740000 4.077790
1.760000 4.076400
1.780000 4.070200
1.800000 4.055010
1.820000 4.021750
1.840000 3.955750
1.860000 3.864720
1.880000 3.790040
1.900000 3.743150
1.920000 3.717300
1.940000 3.701170
1.960000 3.691500
1.980000 3.701390
2.000000 3.756730
2.020000 3.883670
2.040000 4.013180
2.060000 4.086440
2.080000 4.107460
2.100000 4.093870
2.120000 4.064680
2.140000 4.024270
2.160000 3.954200
2.180000 3.819420
2.200000 3.626620
2.220000 3.470300
2.240000 3.374120
2.260000 3.324790
2.280000 3.304190
2.300000 3.298480
2.320000 3.315680
2.340000 3.382190
2.360000 3.539380
2.380000 3.742720
2.400000 3.899270
2.420000 4.000370
2.440000 4.059960
2.460000 4.097760
2.480000 4.126810
2.500000 4.126130
2.520000 4.049660
2.540000 3.839410
2.560000 3.604670
2.580000 3.466680
2.600000 3.421720
2.620000 3.430670
2.640000 3.464210
2.660000 3.557480
2.680000 3.771990
2.700000 4.061550
2.720000 4.251710
2.740000 3.982240
2.760000 2.441550
2.780000 1.309260
2.800000 1.199690
2.820000 1.199870
2.840000 1.199610
2.860000 1.197350
2.880000 1.193130
2.900000 1.186980
2.920000 1.178960
2.940000 1.169150
2.960000 1.157650
2.980000 1.144580
3.000000 1.144580
