-1.000000 3.860000
-0.998000 3.860000
-0.996000 3.860000
-0.994000 3.860000
-0.992000 3.860000
-0.990000 3.860000
-0.988000 3.860000
-0.986000 3.860000
-0.984000 3.860000
-0.982000 3.860000
-0.980000 3.860000
-0.978000 3.860000
-0.976000 3.860000
-0.974000 3.860000
-0.972000 3.860000
-0.970000 3.860000
-0.968000 3.860000
-0.966000 3.860000
-0.964000 3.860000
-0.962000 3.860000
-0.960000 3.860000
-0.958000 3.860000
-0.956000 3.860000
-0.954000 3.860000
-0.952000 3.860000
-0.950000 3.860000
-0.948000 3.860000
-0.946000 3.860000
-0.944000 3.860000
-0.942000 3.860000
-0.940000 3.860000
-0.938000 3.860000
-0.936000 3.860000
-0.934000 3.860000
-0.932000 3.860000
-0.930000 3.860000
-0.928000 3.860000
-0.926000 3.860000
-0.924000 3.860000
-0.922000 3.860000
-0.920000 3.860000
-0.918000 3.860000
-0.916000 3.860000
-0.914000 3.860000
-0.912000 3.860000
-0.910000 3.860000
-0.908000 3.860000
-0.906000 3.860000
-0.904000 3.860000
-0.902000 3.860000
-0.900000 3.860000
-0.898000 3.860000
-0.896000 3.860000
-0.894000 3.860000
-0.892000 3.860000
-0.890000 3.860000
-0.888000 3.860000
-0.886000 3.860000
-0.884000 3.860000
-0.882000 3.860000
-0.880000 3.860000
-0.878000 3.860000
-0.876000 3.860000
-0.874000 3.860000
-0.872000 3.860000
-0.870000 3.860000
-0.868000 3.860000
-0.866000 3.860000
-0.864000 3.860000
-0.862000 3.860000
-0.860000 3.860000
-0.858000 3.860000
-0.856000 3.860000
-0.854000 3.860000
-0.852000 3.860000
-0.850000 3.860000
-0.848000 3.860000
-0.846000 3.860000
-0.844000 3.860000
-0.842000 3.860000
-0.840000 3.860000
-0.838000 3.860000
-0.836000 3.860000
-0.834000 3.860000
-0.832000 3.860000
-0.830000 3.860000
-0.828000 3.860000
-0.826000 3.860000
-0.824000 3.860000
-0.822000 3.860000
-0.820000 3.860000
-0.818000 3.860000
-0.816000 3.860000
-0.814000 3.860000
-0.812000 3.860000
-0.810000 3.860000
-0.808000 3.860000
-0.806000 3.860000
-0.804000 3.860000
-0.802000 3.860000
-0.800000 3.860000
-0.798000 3.860000
-0.796000 3.860000
-0.794000 3.860000
-0.792000 3.860000
-0.790000 3.860000
-0.788000 3.860000
-0.786000 3.860000
-0.784000 3.860000
-0.782000 3.860000
-0.780000 3.860000
-0.778000 3.860000
-0.776000 3.860000
-0.774000 3.860000
-0.772000 3.860000
-0.770000 3.860000
-0.768000 3.860000
-0.766000 3.860000
-0.764000 3.860000
-0.762000 3.860000
-0.760000 3.860000
-0.758000 3.860000
-0.756000 3.860000
-0.754000 3.860000
-0.752000 3.860000
-0.750000 3.860000
-0.748000 3.860000
-0.746000 3.860000
-0.744000 3.860000
-0.742000 3.860000
-0.740000 3.860000
-0.738000 3.860000
-0.736000 3.860000
-0.734000 3.860000
-0.732000 3.860000
-0.730000 3.860000
-0.728000 3.860000
-0.726000 3.860000
-0.724000 3.860000
-0.722000 3.860000
-0.720000 3.860000
-0.718000 3.860000
-0.716000 3.860000
-0.714000 3.860000
-0.712000 3.860000
-0.710000 3.860000
-0.708000 3.860000
-0.706000 3.860000
-0.704000 3.860000
-0.702000 3.860000
-0.700000 3.860000
-0.698000 3.860000
-0.696000 3.860000
-0.694000 3.860000
-0.692000 3.860000
-0.690000 3.860000
-0.688000 3.860000
-0.686000 3.860000
-0.684000 3.860000
-0.682000 3.860000
-0.680000 3.860000
-0.678000 3.860000
-0.676000 3.860000
-0.674000 3.860000
-0.672000 3.860000
-0.670000 3.860000
-0.668000 3.860000
-0.666000 3.860000
-0.664000 3.860000
-0.662000 3.860000
-0.660000 3.860000
-0.658000 3.860000
-0.656000 3.860000
-0.654000 3.860000
-0.652000 3.860000
-0.650000 3.860000
-0.648000 3.860000
-0.646000 3.860000
-0.644000 3.860000
-0.642000 3.860000
-0.640000 3.860000
-0.638000 3.860000
-0.636000 3.860000
-0.634000 3.860000
-0.632000 3.860000
-0.630000 3.860000
-0.628000 3.860000
-0.626000 3.860000
-0.624000 3.860000
-0.622000 3.860000
-0.620000 3.860000
-0.618000 3.860000
-0.616000 3.860000
-0.614000 3.860000
-0.612000 3.860000
-0.610000 3.860000
-0.608000 3.860000
-0.606000 3.860000
-0.604000 3.860000
-0.602000 3.860000
-0.600000 3.860000
-0.598000 3.860000
-0.596000 3.860000
-0.594000 3.860000
-0.592000 3.860000
-0.590000 3.860000
-0.588000 3.860000
-0.586000 3.860000
-0.584000 3.860000
-0.582000 3.860000
-0.580000 3.860000
-0.578000 3.860000
-0.576000 3.860000
-0.574000 3.860000
-0.572000 3.860000
-0.570000 3.860000
-0.568000 3.860000
-0.566000 3.860000
-0.564000 3.860000
-0.562000 3.860000
-0.560000 3.860000
-0.558000 3.860000
-0.556000 3.860000
-0.554000 3.860000
-0.552000 3.860000
-0.550000 3.860000
-0.548000 3.860000
-0.546000 3.860000
-0.544000 3.860000
-0.542000 3.860000
-0.540000 3.860000
-0.538000 3.860000
-0.536000 3.860000
-0.534000 3.860000
-0.532000 3.860000
-0.530000 3.860000
-0.528000 3.860000
-0.526000 3.860000
-0.524000 3.860000
-0.522000 3.860000
-0.520000 3.860000
-0.518000 3.860000
-0.516000 3.860000
-0.514000 3.860000
-0.512000 3.860000
-0.510000 3.860000
-0.508000 3.860000
-0.506000 3.860000
-0.504000 3.860000
-0.502000 3.860000
-0.500000 3.860000
-0.498000 3.860000
-0.496000 3.860000
-0.494000 3.860000
-0.492000 3.860000
-0.490000 3.860000
-0.488000 3.860000
-0.486000 3.860000
-0.484000 3.860000
-0.482000 3.860000
-0.480000 3.860000
-0.478000 3.860000
-0.476000 3.860000
-0.474000 3.860000
-0.472000 3.860000
-0.470000 3.860000
-0.468000 3.860000
-0.466000 3.860000
-0.464000 3.860000
-0.462000 3.860000
-0.460000 3.860000
-0.458000 3.860000
-0.456000 3.860000
-0.454000 3.860000
-0.452000 3.860000
-0.450000 3.860000
-0.448000 3.860000
-0.446000 3.860000
-0.444000 3.860000
-0.442000 3.860000
-0.440000 3.860000
-0.438000 3.860000
-0.436000 3.860000
-0.434000 3.860000
-0.432000 3.860000
-0.430000 3.860000
-0.428000 3.860000
-0.426000 3.860000
-0.424000 3.860000
-0.422000 3.860000
-0.420000 3.860000
-0.418000 3.860000
-0.416000 3.860000
-0.414000 3.860000
-0.412000 3.860000
-0.410000 3.860000
-0.408000 3.860000
-0.406000 3.860000
-0.404000 3.860000
-0.402000 3.860000
-0.400000 3.860000
-0.398000 3.860000
-0.396000 3.860000
-0.394000 3.860000
-0.392000 3.860000
-0.390000 3.860000
-0.388000 3.860000
-0.386000 3.860000
-0.384000 3.860000
-0.382000 3.860000
-0.380000 3.860000
-0.378000 3.860000
-0.376000 3.860000
-0.374000 3.860000
-0.372000 3.860000
-0.370000 3.860000
-0.368000 3.860000
-0.366000 3.860000
-0.364000 3.860000
-0.362000 3.860000
-0.360000 3.860000
-0.358000 3.860000
-0.356000 3.860000
-0.354000 3.860000
-0.352000 3.860000
-0.350000 3.860000
-0.348000 3.860000
-0.346000 3.860000
-0.344000 3.860000
-0.342000 3.860000
-0.340000 3.860000
-0.338000 3.860000
-0.336000 3.860000
-0.334000 3.860000
-0.332000 3.860000
-0.330000 3.860000
-0.328000 3.860000
-0.326000 3.860000
-0.324000 3.860000
-0.322000 3.860000
-0.320000 3.860000
-0.318000 3.860000
-0.316000 3.860000
-0.314000 3.860000
-0.312000 3.860000
-0.310000 3.860000
-0.308000 3.860000
-0.306000 3.860000
-0.304000 3.860000
-0.302000 3.860000
-0.300000 3.860000
-0.298000 3.860000
-0.296000 3.860000
-0.294000 3.860000
-0.292000 3.860000
-0.290000 3.860000
-0.288000 3.860000
-0.286000 3.860000
-0.284000 3.860000
-0.282000 3.860000
-0.280000 3.860000
-0.278000 3.860000
-0.276000 3.860000
-0.274000 3.860000
-0.272000 3.860000
-0.270000 3.860000
-0.268000 3.860000
-0.266000 3.860000
-0.264000 3.860000
-0.262000 3.860000
-0.260000 3.860000
-0.258000 3.860000
-0.256000 3.860000
-0.254000 3.860000
-0.252000 3.860000
-0.250000 3.860000
-0.248000 3.860000
-0.246000 3.860000
-0.244000 3.860000
-0.242000 3.860010
-0.240000 3.860010
-0.238000 3.860010
-0.236000 3.860010
-0.234000 3.860020
-0.232000 3.860020
-0.230000 3.860030
-0.228000 3.860040
-0.226000 3.860050
-0.224000 3.860060
-0.222000 3.860070
-0.220000 3.860090
-0.218000 3.860120
-0.216000 3.860150
-0.214000 3.860190
-0.212000 3.860230
-0.210000 3.860290
-0.208000 3.860360
-0.206000 3.860450
-0.204000 3.860560
-0.202000 3.860690
-0.200000 3.860840
-0.198000 3.861030
-0.196000 3.861260
-0.194000 3.861530
-0.192000 3.861860
-0.190000 3.862250
-0.188000 3.862710
-0.186000 3.863260
-0.184000 3.863900
-0.182000 3.864660
-0.180000 3.865540
-0.178000 3.866560
-0.176000 3.867740
-0.174000 3.869100
-0.172000 3.870660
-0.170000 3.872430
-0.168000 3.874420
-0.166000 3.876670
-0.164000 3.879160
-0.162000 3.881930
-0.160000 3.884950
-0.158000 3.888240
-0.156000 3.891780
-0.154000 3.895550
-0.152000 3.899520
-0.150000 3.903660
-0.148000 3.907930
-0.146000 3.912270
-0.144000 3.916640
-0.142000 3.920970
-0.140000 3.925210
-0.138000 3.929310
-0.136000 3.933230
-0.134000 3.936910
-0.132000 3.940330
-0.130000 3.943450
-0.128000 3.946270
-0.126000 3.948770
-0.124000 3.950950
-0.122000 3.952820
-0.120000 3.954380
-0.118000 3.955650
-0.116000 3.956640
-0.114000 3.957370
-0.112000 3.957870
-0.110000 3.958140
-0.108000 3.958220
-0.106000 3.958120
-0.104000 3.957860
-0.102000 3.957450
-0.100000 3.956910
-0.098000 3.956260
-0.096000 3.955510
-0.094000 3.954660
-0.092000 3.953740
-0.090000 3.952740
-0.088000 3.951680
-0.086000 3.950570
-0.084000 3.949410
-0.082000 3.948210
-0.080000 3.946970
-0.078000 3.945690
-0.076000 3.944390
-0.074000 3.943060
-0.072000 3.941710
-0.070000 3.940340
-0.068000 3.938950
-0.066000 3.937550
-0.064000 3.936130
-0.062000 3.934690
-0.060000 3.933250
-0.058000 3.931800
-0.056000 3.930330
-0.054000 3.928860
-0.052000 3.927380
-0.050000 3.925890
-0.048000 3.924400
-0.046000 3.922900
-0.044000 3.921400
-0.042000 3.919890
-0.040000 3.918370
-0.038000 3.916850
-0.036000 3.915330
-0.034000 3.913800
-0.032000 3.912270
-0.030000 3.910730
-0.028000 3.909200
-0.026000 3.907650
-0.024000 3.906110
-0.022000 3.904560
-0.020000 3.903010
-0.018000 3.901460
-0.016000 3.899900
-0.014000 3.898340
-0.012000 3.896780
-0.010000 3.895210
-0.008000 3.893650
-0.006000 3.892080
-0.004000 3.890510
-0.002000 3.888930
0.000000 3.887360
0.002000 3.885780
0.004000 3.884200
0.006000 3.882620
0.008000 3.881040
0.010000 3.879450
0.012000 3.877860
0.014000 3.876270
0.016000 3.874680
0.018000 3.873090
0.020000 3.871490
0.022000 3.869900
0.024000 3.868300
0.026000 3.866700
0.028000 3.865100
0.030000 3.863500
0.032000 3.861900
0.034000 3.860290
0.036000 3.858690
0.038000 3.857080
0.040000 3.855470
0.042000 3.853860
0.044000 3.852250
0.046000 3.850640
0.048000 3.849020
0.050000 3.847410
0.052000 3.845800
0.054000 3.844180
0.056000 3.842560
0.058000 3.840940
0.060000 3.839330
0.062000 3.837710
0.064000 3.836090
0.066000 3.834470
0.068000 3.832840
0.070000 3.831220
0.072000 3.829600
0.074000 3.827980
0.076000 3.826350
0.078000 3.824730
0.080000 3.823100
0.082000 3.821480
0.084000 3.819850
0.086000 3.818230
0.088000 3.816600
0.090000 3.814980
0.092000 3.813350
0.094000 3.811730
0.096000 3.810100
0.098000 3.808470
0.100000 3.806850
0.102000 3.805220
0.104000 3.803600
0.106000 3.801970
0.108000 3.800340
0.110000 3.798720
0.112000 3.797090
0.114000 3.795470
0.116000 3.793840
0.118000 3.792220
0.120000 3.790600
0.122000 3.788970
0.124000 3.787350
0.126000 3.785730
0.128000 3.784110
0.130000 3.782490
0.132000 3.780870
0.134000 3.779250
0.136000 3.777630
0.138000 3.776010
0.140000 3.774400
0.142000 3.772780
0.144000 3.771170
0.146000 3.769560
0.148000 3.767940
0.150000 3.766330
0.152000 3.764720
0.154000 3.763120
0.156000 3.761510
0.158000 3.759900
0.160000 3.758300
0.162000 3.756700
0.164000 3.755100
0.166000 3.753500
0.168000 3.751900
0.170000 3.750310
0.172000 3.748710
0.174000 3.747120
0.176000 3.745530
0.178000 3.743940
0.180000 3.742360
0.182000 3.740770
0.184000 3.739190
0.186000 3.737610
0.188000 3.736040
0.190000 3.734460
0.192000 3.732890
0.194000 3.731320
0.196000 3.729750
0.198000 3.728190
0.200000 3.726630
0.202000 3.725070
0.204000 3.723520
0.206000 3.721960
0.208000 3.720410
0.210000 3.718870
0.212000 3.717320
0.214000 3.715790
0.216000 3.714250
0.218000 3.712720
0.220000 3.711190
0.222000 3.709660
0.224000 3.708140
0.226000 3.706620
0.228000 3.705110
0.230000 3.703600
0.232000 3.702090
0.234000 3.700590
0.236000 3.699090
0.238000 3.697600
0.240000 3.696110
0.242000 3.694630
0.244000 3.693150
0.246000 3.691670
0.248000 3.690200
0.250000 3.688740
0.252000 3.687280
0.254000 3.685820
0.256000 3.684380
0.258000 3.682930
0.260000 3.681490
0.262000 3.680060
0.264000 3.678640
0.266000 3.677220
0.268000 3.675800
0.270000 3.674400
0.272000 3.672990
0.274000 3.671600
0.276000 3.670210
0.278000 3.668830
0.280000 3.667460
0.282000 3.666090
0.284000 3.664730
0.286000 3.663380
0.288000 3.662040
0.290000 3.660700
0.292000 3.659370
0.294000 3.658060
0.296000 3.656740
0.298000 3.655440
0.300000 3.654150
0.302000 3.652860
0.304000 3.651590
0.306000 3.650320
0.308000 3.649070
0.310000 3.647820
0.312000 3.646590
0.314000 3.645360
0.316000 3.644150
0.318000 3.642940
0.320000 3.641750
0.322000 3.640570
0.324000 3.639400
0.326000 3.638250
0.328000 3.637100
0.330000 3.635970
0.332000 3.634850
0.334000 3.633750
0.336000 3.632650
0.338000 3.631580
0.340000 3.630510
0.342000 3.629470
0.344000 3.628430
0.346000 3.627410
0.348000 3.626410
0.350000 3.625430
0.352000 3.624460
0.354000 3.623510
0.356000 3.622580
0.358000 3.621660
0.360000 3.620770
0.362000 3.619890
0.364000 3.619030
0.366000 3.618200
0.368000 3.617380
0.370000 3.616590
0.372000 3.615820
0.374000 3.615070
0.376000 3.614350
0.378000 3.613650
0.380000 3.612980
0.382000 3.612330
0.384000 3.611710
0.386000 3.611120
0.388000 3.610560
0.390000 3.610020
0.392000 3.609520
0.394000 3.609050
0.396000 3.608610
0.398000 3.608210
0.400000 3.607840
0.402000 3.607510
0.404000 3.607220
0.406000 3.606960
0.408000 3.606750
0.410000 3.606580
0.412000 3.606450
0.414000 3.606370
0.416000 3.606340
0.418000 3.606360
0.420000 3.606430
0.422000 3.606550
0.424000 3.606730
0.426000 3.606960
0.428000 3.607260
0.430000 3.607620
0.432000 3.608050
0.434000 3.608550
0.436000 3.609120
0.438000 3.609770
0.440000 3.610500
0.442000 3.611310
0.444000 3.612220
0.446000 3.613210
0.448000 3.614300
0.450000 3.615490
0.452000 3.616800
0.454000 3.618210
0.456000 3.619740
0.458000 3.621400
0.460000 3.623200
0.462000 3.625130
0.464000 3.627210
0.466000 3.629450
0.468000 3.631850
0.470000 3.634420
0.472000 3.637180
0.474000 3.640130
0.476000 3.643290
0.478000 3.646650
0.480000 3.650250
0.482000 3.654080
0.484000 3.658160
0.486000 3.662500
0.488000 3.667110
0.490000 3.672010
0.492000 3.677190
0.494000 3.682680
0.496000 3.688470
0.498000 3.694580
0.500000 3.701010
0.502000 3.707750
0.504000 3.714820
0.506000 3.722190
0.508000 3.729870
0.510000 3.737840
0.512000 3.746080
0.514000 3.754560
0.516000 3.763270
0.518000 3.772180
0.520000 3.781240
0.522000 3.790420
0.524000 3.799680
0.526000 3.808990
0.528000 3.818300
0.530000 3.827580
0.532000 3.836780
0.534000 3.845870
0.536000 3.854820
0.538000 3.863600
0.540000 3.872190
0.542000 3.880570
0.544000 3.888720
0.546000 3.896630
0.548000 3.904290
0.550000 3.911700
0.552000 3.918850
0.554000 3.925740
0.556000 3.932380
0.558000 3.938780
0.560000 3.944930
0.562000 3.950850
0.564000 3.956530
0.566000 3.961990
0.568000 3.967250
0.570000 3.972290
0.572000 3.977140
0.574000 3.981800
0.576000 3.986280
0.578000 3.990580
0.580000 3.994720
0.582000 3.998700
0.584000 4.002520
0.586000 4.006200
0.588000 4.009750
0.590000 4.013150
0.592000 4.016430
0.594000 4.019580
0.596000 4.022620
0.598000 4.025540
0.600000 4.028350
0.602000 4.031060
0.604000 4.033660
0.606000 4.036170
0.608000 4.038580
0.610000 4.040900
0.612000 4.043130
0.614000 4.045280
0.616000 4.047350
0.618000 4.049340
0.620000 4.051250
0.622000 4.053080
0.624000 4.054850
0.626000 4.056540
0.628000 4.058170
0.630000 4.059730
0.632000 4.061220
0.634000 4.062660
0.636000 4.064030
0.638000 4.065350
0.640000 4.066610
0.642000 4.067810
0.644000 4.068960
0.646000 4.070050
0.648000 4.071090
0.650000 4.072080
0.652000 4.073030
0.654000 4.073920
0.656000 4.074770
0.658000 4.075570
0.660000 4.076330
0.662000 4.077040
0.664000 4.077710
0.666000 4.078340
0.668000 4.078930
0.670000 4.079480
0.672000 4.079990
0.674000 4.080460
0.676000 4.080890
0.678000 4.081290
0.680000 4.081650
0.682000 4.081980
0.684000 4.082270
0.686000 4.082530
0.688000 4.082760
0.690000 4.082950
0.692000 4.083110
0.694000 4.083240
0.696000 4.083340
0.698000 4.083410
0.700000 4.083450
0.702000 4.083460
0.704000 4.083440
0.706000 4.083400
0.708000 4.083320
0.710000 4.083220
0.712000 4.083090
0.714000 4.082940
0.716000 4.082760
0.718000 4.082550
0.720000 4.082320
0.722000 4.082060
0.724000 4.081780
0.726000 4.081470
0.728000 4.081140
0.730000 4.080790
0.732000 4.080410
0.734000 4.080010
0.736000 4.079580
0.738000 4.079140
0.740000 4.078670
0.742000 4.078180
0.744000 4.077670
0.746000 4.077140
0.748000 4.076590
0.750000 4.076020
0.752000 4.075430
0.754000 4.074820
0.756000 4.074190
0.758000 4.073540
0.760000 4.072870
0.762000 4.072180
0.764000 4.071470
0.766000 4.070750
0.768000 4.070010
0.770000 4.069250
0.772000 4.068480
0.774000 4.067680
0.776000 4.066870
0.778000 4.066050
0.780000 4.065200
0.782000 4.064340
0.784000 4.063470
0.786000 4.062580
0.788000 4.061670
0.790000 4.060750
0.792000 4.059810
0.794000 4.058860
0.796000 4.057890
0.798000 4.056910
0.800000 4.055910
0.802000 4.054900
0.804000 4.053880
0.806000 4.052840
0.808000 4.051780
0.810000 4.050710
0.812000 4.049630
0.814000 4.048540
0.816000 4.047430
0.818000 4.046310
0.820000 4.045170
0.822000 4.044020
0.824000 4.042860
0.826000 4.041690
0.828000 4.040500
0.830000 4.039300
0.832000 4.038090
0.834000 4.036870
0.836000 4.035630
0.838000 4.034390
0.840000 4.033130
0.842000 4.031860
0.844000 4.030580
0.846000 4.029280
0.848000 4.027980
0.850000 4.026670
0.852000 4.025340
0.854000 4.024000
0.856000 4.022660
0.858000 4.021300
0.860000 4.019930
0.862000 4.018560
0.864000 4.017170
0.866000 4.015770
0.868000 4.014360
0.870000 4.012940
0.872000 4.011510
0.874000 4.010080
0.876000 4.008630
0.878000 4.007170
0.880000 4.005710
0.882000 4.004230
0.884000 4.002750
0.886000 4.001260
0.888000 3.999750
0.890000 3.998240
0.892000 3.996720
0.894000 3.995190
0.896000 3.993660
0.898000 3.992110
0.900000 3.990560
0.902000 3.989000
0.904000 3.987430
0.906000 3.985850
0.908000 3.984260
0.910000 3.982670
0.912000 3.981070
0.914000 3.979460
0.916000 3.977840
0.918000 3.976220
0.920000 3.974580
0.922000 3.972940
0.924000 3.971300
0.926000 3.969640
0.928000 3.967980
0.930000 3.966320
0.932000 3.964640
0.934000 3.962960
0.936000 3.961270
0.938000 3.959580
0.940000 3.957880
0.942000 3.956170
0.944000 3.954450
0.946000 3.952730
0.948000 3.951010
0.950000 3.949270
0.952000 3.947530
0.954000 3.945790
0.956000 3.944040
0.958000 3.942280
0.960000 3.940520
0.962000 3.938750
0.964000 3.936980
0.966000 3.935200
0.968000 3.933410
0.970000 3.931620
0.972000 3.929820
0.974000 3.928020
0.976000 3.926220
0.978000 3.924410
0.980000 3.922590
0.982000 3.920770
0.984000 3.918940
0.986000 3.917110
0.988000 3.915280
0.990000 3.913440
0.992000 3.911600
0.994000 3.909750
0.996000 3.907890
0.998000 3.906040
1.000000 3.904170
1.002000 3.902310
1.004000 3.900440
1.006000 3.898570
1.008000 3.896690
1.010000 3.894810
1.012000 3.892920
1.014000 3.891030
1.016000 3.889140
1.018000 3.887240
1.020000 3.885340
1.022000 3.883440
1.024000 3.881540
1.026000 3.879630
1.028000 3.877710
1.030000 3.875800
1.032000 3.873880
1.034000 3.871960
1.036000 3.870030
1.038000 3.868110
1.040000 3.866180
1.042000 3.864250
1.044000 3.862310
1.046000 3.860370
1.048000 3.858430
1.050000 3.856490
1.052000 3.854550
1.054000 3.852600
1.056000 3.850650
1.058000 3.848700
1.060000 3.846750
1.062000 3.844800
1.064000 3.842840
1.066000 3.840880
1.068000 3.838930
1.070000 3.836970
1.072000 3.835000
1.074000 3.833040
1.076000 3.831080
1.078000 3.829110
1.080000 3.827140
1.082000 3.825180
1.084000 3.823210
1.086000 3.821240
1.088000 3.819270
1.090000 3.817300
1.092000 3.815330
1.094000 3.813360
1.096000 3.811390
1.098000 3.809410
1.100000 3.807440
1.102000 3.805470
1.104000 3.803500
1.106000 3.801530
1.108000 3.799550
1.110000 3.797580
1.112000 3.795610
1.114000 3.793640
1.116000 3.791670
1.118000 3.789700
1.120000 3.787730
1.122000 3.785770
1.124000 3.783800
1.126000 3.781830
1.128000 3.779870
1.130000 3.777910
1.132000 3.775950
1.134000 3.773990
1.136000 3.772030
1.138000 3.770070
1.140000 3.768120
1.142000 3.766160
1.144000 3.764210
1.146000 3.762270
1.148000 3.760320
1.150000 3.758380
1.152000 3.756430
1.154000 3.754500
1.156000 3.752560
1.158000 3.750630
1.160000 3.748700
1.162000 3.746770
1.164000 3.744850
1.166000 3.742930
1.168000 3.741010
1.170000 3.739100
1.172000 3.737190
1.174000 3.735290
1.176000 3.733390
1.178000 3.731490
1.180000 3.729600
1.182000 3.727710
1.184000 3.725830
1.186000 3.723950
1.188000 3.722080
1.190000 3.720210
1.192000 3.718350
1.194000 3.716490
1.196000 3.714640
1.198000 3.712790
1.200000 3.710950
1.202000 3.709120
1.204000 3.707290
1.206000 3.705470
1.208000 3.703660
1.210000 3.701850
1.212000 3.700050
1.214000 3.698260
1.216000 3.696470
1.218000 3.694690
1.220000 3.692920
1.222000 3.691160
1.224000 3.689410
1.226000 3.687660
1.228000 3.685930
1.230000 3.684200
1.232000 3.682480
1.234000 3.680770
1.236000 3.679070
1.238000 3.677380
1.240000 3.675700
1.242000 3.674030
1.244000 3.672370
1.246000 3.670720
1.248000 3.669080
1.250000 3.667450
1.252000 3.665840
1.254000 3.664240
1.256000 3.662650
1.258000 3.661070
1.260000 3.659500
1.262000 3.657950
1.264000 3.656410
1.266000 3.654880
1.268000 3.653370
1.270000 3.651870
1.272000 3.650390
1.274000 3.648920
1.276000 3.647460
1.278000 3.646030
1.280000 3.644600
1.282000 3.643200
1.284000 3.641810
1.286000 3.640440
1.288000 3.639080
1.290000 3.637750
1.292000 3.636430
1.294000 3.635130
1.296000 3.633850
1.298000 3.632590
1.300000 3.631350
1.302000 3.630120
1.304000 3.628930
1.306000 3.627750
1.308000 3.626590
1.310000 3.625460
1.312000 3.624350
1.314000 3.623260
1.316000 3.622200
1.318000 3.621160
1.320000 3.620150
1.322000 3.619160
1.324000 3.618200
1.326000 3.617270
1.328000 3.616360
1.330000 3.615480
1.332000 3.614640
1.334000 3.613820
1.336000 3.613030
1.338000 3.612270
1.340000 3.611550
1.342000 3.610850
1.344000 3.610190
1.346000 3.609570
1.348000 3.608980
1.350000 3.608420
1.352000 3.607900
1.354000 3.607420
1.356000 3.606980
1.358000 3.606580
1.360000 3.606220
1.362000 3.605900
1.364000 3.605620
1.366000 3.605380
1.368000 3.605190
1.370000 3.605040
1.372000 3.604940
1.374000 3.604890
1.376000 3.604890
1.378000 3.604930
1.380000 3.605030
1.382000 3.605180
1.384000 3.605380
1.386000 3.605630
1.388000 3.605950
1.390000 3.606320
1.392000 3.606740
1.394000 3.607230
1.396000 3.607780
1.398000 3.608390
1.400000 3.609060
1.402000 3.609800
1.404000 3.610610
1.406000 3.611480
1.408000 3.612420
1.410000 3.613440
1.412000 3.614520
1.414000 3.615680
1.416000 3.616910
1.418000 3.618220
1.420000 3.619610
1.422000 3.621080
1.424000 3.622630
1.426000 3.624260
1.428000 3.625970
1.430000 3.627770
1.432000 3.629650
1.434000 3.631620
1.436000 3.633680
1.438000 3.635830
1.440000 3.638070
1.442000 3.640390
1.444000 3.642810
1.446000 3.645330
1.448000 3.647930
1.450000 3.650630
1.452000 3.653420
1.454000 3.656310
1.456000 3.659290
1.458000 3.662370
1.460000 3.665540
1.462000 3.668800
1.464000 3.672150
1.466000 3.675600
1.468000 3.679140
1.470000 3.682770
1.472000 3.686490
1.474000 3.690290
1.476000 3.694180
1.478000 3.698160
1.480000 3.702210
1.482000 3.706340
1.484000 3.710550
1.486000 3.714830
1.488000 3.719190
1.490000 3.723610
1.492000 3.728090
1.494000 3.732640
1.496000 3.737240
1.498000 3.741890
1.500000 3.746590
1.502000 3.751340
1.504000 3.756130
1.506000 3.760950
1.508000 3.765810
1.510000 3.770700
1.512000 3.775610
1.514000 3.780540
1.516000 3.785490
1.518000 3.790450
1.520000 3.795410
1.522000 3.800380
1.524000 3.805350
1.526000 3.810320
1.528000 3.815270
1.530000 3.820220
1.532000 3.825150
1.534000 3.830060
1.536000 3.834950
1.538000 3.839810
1.540000 3.844650
1.542000 3.849460
1.544000 3.854230
1.546000 3.858970
1.548000 3.863670
1.550000 3.868340
1.552000 3.872960
1.554000 3.877530
1.556000 3.882060
1.558000 3.886550
1.560000 3.890980
1.562000 3.895370
1.564000 3.899710
1.566000 3.903990
1.568000 3.908220
1.570000 3.912400
1.572000 3.916520
1.574000 3.920590
1.576000 3.924600
1.578000 3.928560
1.580000 3.932460
1.582000 3.936300
1.584000 3.940090
1.586000 3.943820
1.588000 3.947500
1.590000 3.951110
1.592000 3.954670
1.594000 3.958180
1.596000 3.961620
1.598000 3.965010
1.600000 3.968340
1.602000 3.971620
1.604000 3.974840
1.606000 3.978000
1.608000 3.981110
1.610000 3.984160
1.612000 3.987160
1.614000 3.990100
1.616000 3.992990
1.618000 3.995830
1.620000 3.998610
1.622000 4.001340
1.624000 4.004010
1.626000 4.006640
1.628000 4.009210
1.630000 4.011730
1.632000 4.014200
1.634000 4.016620
1.636000 4.018990
1.638000 4.021310
1.640000 4.023590
1.642000 4.025810
1.644000 4.027990
1.646000 4.030120
1.648000 4.032210
1.650000 4.034240
1.652000 4.036240
1.654000 4.038180
1.656000 4.040080
1.658000 4.041940
1.660000 4.043750
1.662000 4.045530
1.664000 4.047250
1.666000 4.048940
1.668000 4.050590
1.670000 4.052200
1.672000 4.053770
1.674000 4.055300
1.676000 4.056790
1.678000 4.058250
1.680000 4.059680
1.682000 4.061070
1.684000 4.062430
1.686000 4.063750
1.688000 4.065050
1.690000 4.066310
1.692000 4.067540
1.694000 4.068750
1.696000 4.069930
1.698000 4.071080
1.700000 4.072210
1.702000 4.073320
1.704000 4.074400
1.706000 4.075460
1.708000 4.076490
1.710000 4.077510
1.712000 4.078510
1.714000 4.079500
1.716000 4.080470
1.718000 4.081420
1.720000 4.082360
1.722000 4.083290
1.724000 4.084210
1.726000 4.085130
1.728000 4.086030
1.730000 4.086930
1.732000 4.087820
1.734000 4.088710
1.736000 4.089600
1.738000 4.090490
1.740000 4.091370
1.742000 4.092260
1.744000 4.093140
1.746000 4.094030
1.748000 4.094910
1.750000 4.095790
1.752000 4.096680
1.754000 4.097560
1.756000 4.098430
1.758000 4.099300
1.760000 4.100170
1.762000 4.101020
1.764000 4.101860
1.766000 4.102680
1.768000 4.103490
1.770000 4.104270
1.772000 4.105030
1.774000 4.105750
1.776000 4.106430
1.778000 4.107070
1.780000 4.107660
1.782000 4.108190
1.784000 4.108650
1.786000 4.109050
1.788000 4.109360
1.790000 4.109580
1.792000 4.109710
1.794000 4.109730
1.796000 4.109630
1.798000 4.109410
1.800000 4.109050
1.802000 4.108540
1.804000 4.107870
1.806000 4.107030
1.808000 4.106010
1.810000 4.104810
1.812000 4.103390
1.814000 4.101770
1.816000 4.099920
1.818000 4.097840
1.820000 4.095510
1.822000 4.092930
1.824000 4.090080
1.826000 4.086960
1.828000 4.083560
1.830000 4.079870
1.832000 4.075880
1.834000 4.071580
1.836000 4.066980
1.838000 4.062060
1.840000 4.056820
1.842000 4.051260
1.844000 4.045380
1.846000 4.039170
1.848000 4.032630
1.850000 4.025770
1.852000 4.018580
1.854000 4.011070
1.856000 4.003250
1.858000 3.995120
1.860000 3.986680
1.862000 3.977950
1.864000 3.968930
1.866000 3.959630
1.868000 3.950070
1.870000 3.940250
1.872000 3.930200
1.874000 3.919920
1.876000 3.909440
1.878000 3.898770
1.880000 3.887930
1.882000 3.876930
1.884000 3.865810
1.886000 3.854570
1.888000 3.843250
1.890000 3.831860
1.892000 3.820430
1.894000 3.808980
1.896000 3.797530
1.898000 3.786120
1.900000 3.774760
1.902000 3.763480
1.904000 3.752310
1.906000 3.741260
1.908000 3.730370
1.910000 3.719660
1.912000 3.709150
1.914000 3.698880
1.916000 3.688860
1.918000 3.679110
1.920000 3.669670
1.922000 3.660550
1.924000 3.651770
1.926000 3.643360
1.928000 3.635340
1.930000 3.627730
1.932000 3.620540
1.934000 3.613800
1.936000 3.607510
1.938000 3.601710
1.940000 3.596400
1.942000 3.591590
1.944000 3.587300
1.946000 3.583540
1.948000 3.580320
1.950000 3.577650
1.952000 3.575540
1.954000 3.573980
1.956000 3.573000
1.958000 3.572590
1.960000 3.572760
1.962000 3.573500
1.964000 3.574820
1.966000 3.576710
1.968000 3.579180
1.970000 3.582210
1.972000 3.585810
1.974000 3.589970
1.976000 3.594680
1.978000 3.599940
1.980000 3.605730
1.982000 3.612040
1.984000 3.618860
1.986000 3.626190
1.988000 3.634000
1.990000 3.642280
1.992000 3.651010
1.994000 3.660190
1.996000 3.669790
1.998000 3.679790
2.000000 3.690180
2.002000 3.700930
2.004000 3.712040
2.006000 3.723460
2.008000 3.735200
2.010000 3.747210
2.012000 3.759490
2.014000 3.772010
2.016000 3.784740
2.018000 3.797670
2.020000 3.810760
2.022000 3.824000
2.024000 3.837360
2.026000 3.850820
2.028000 3.864360
2.030000 3.877940
2.032000 3.891550
2.034000 3.905150
2.036000 3.918740
2.038000 3.932280
2.040000 3.945750
2.042000 3.959120
2.044000 3.972380
2.046000 3.985500
2.048000 3.998450
2.050000 4.011220
2.052000 4.023780
2.054000 4.036110
2.056000 4.048200
2.058000 4.060010
2.060000 4.071520
2.062000 4.082730
2.064000 4.093610
2.066000 4.104140
2.068000 4.114300
2.070000 4.124080
2.072000 4.133450
2.074000 4.142410
2.076000 4.150940
2.078000 4.159010
2.080000 4.166630
2.082000 4.173770
2.084000 4.180430
2.086000 4.186580
2.088000 4.192220
2.090000 4.197340
2.092000 4.201940
2.094000 4.205990
2.096000 4.209490
2.098000 4.212440
2.100000 4.214820
2.102000 4.216640
2.104000 4.217880
2.106000 4.218550
2.108000 4.218640
2.110000 4.218140
2.112000 4.217060
2.114000 4.215390
2.116000 4.213140
2.118000 4.210300
2.120000 4.206870
2.122000 4.202860
2.124000 4.198280
2.126000 4.193110
2.128000 4.187370
2.130000 4.181070
2.132000 4.174200
2.134000 4.166780
2.136000 4.158810
2.138000 4.150300
2.140000 4.141250
2.142000 4.131690
2.144000 4.121610
2.146000 4.111020
2.148000 4.099950
2.150000 4.088400
2.152000 4.076370
2.154000 4.063900
2.156000 4.050980
2.158000 4.037640
2.160000 4.023890
2.162000 4.009730
2.164000 3.995200
2.166000 3.980300
2.168000 3.965060
2.170000 3.949480
2.172000 3.933590
2.174000 3.917400
2.176000 3.900940
2.178000 3.884220
2.180000 3.867250
2.182000 3.850070
2.184000 3.832690
2.186000 3.815130
2.188000 3.797420
2.190000 3.779560
2.192000 3.761580
2.194000 3.743510
2.196000 3.725360
2.198000 3.707160
2.200000 3.688930
2.202000 3.670690
2.204000 3.652460
2.206000 3.634260
2.208000 3.616110
2.210000 3.598050
2.212000 3.580080
2.214000 3.562230
2.216000 3.544520
2.218000 3.526980
2.220000 3.509620
2.222000 3.492470
2.224000 3.475540
2.226000 3.458870
2.228000 3.442460
2.230000 3.426340
2.232000 3.410520
2.234000 3.395040
2.236000 3.379900
2.238000 3.365130
2.240000 3.350740
2.242000 3.336750
2.244000 3.323190
2.246000 3.310060
2.248000 3.297380
2.250000 3.285170
2.252000 3.273440
2.254000 3.262220
2.256000 3.251500
2.258000 3.241310
2.260000 3.231660
2.262000 3.222560
2.264000 3.214010
2.266000 3.206040
2.268000 3.198660
2.270000 3.191860
2.272000 3.185660
2.274000 3.180070
2.276000 3.175090
2.278000 3.170730
2.280000 3.166990
2.282000 3.163880
2.284000 3.161410
2.286000 3.159560
2.288000 3.158360
2.290000 3.157790
2.292000 3.157860
2.294000 3.158560
2.296000 3.159900
2.298000 3.161870
2.300000 3.164470
2.302000 3.167700
2.304000 3.171550
2.306000 3.176010
2.308000 3.181080
2.310000 3.186760
2.312000 3.193030
2.314000 3.199890
2.316000 3.207320
2.318000 3.215330
2.320000 3.223890
2.322000 3.232990
2.324000 3.242630
2.326000 3.252790
2.328000 3.263470
2.330000 3.274630
2.332000 3.286290
2.334000 3.298400
2.336000 3.310970
2.338000 3.323980
2.340000 3.337410
2.342000 3.351240
2.344000 3.365470
2.346000 3.380060
2.348000 3.395010
2.350000 3.410290
2.352000 3.425900
2.354000 3.441800
2.356000 3.457980
2.358000 3.474430
2.360000 3.491120
2.362000 3.508040
2.364000 3.525170
2.366000 3.542470
2.368000 3.559950
2.370000 3.577570
2.372000 3.595320
2.374000 3.613180
2.376000 3.631130
2.378000 3.649140
2.380000 3.667200
2.382000 3.685290
2.384000 3.703390
2.386000 3.721480
2.388000 3.739530
2.390000 3.757540
2.392000 3.775470
2.394000 3.793310
2.396000 3.811050
2.398000 3.828650
2.400000 3.846100
2.402000 3.863390
2.404000 3.880490
2.406000 3.897380
2.408000 3.914050
2.410000 3.930480
2.412000 3.946650
2.414000 3.962530
2.416000 3.978120
2.418000 3.993400
2.420000 4.008340
2.422000 4.022930
2.424000 4.037160
2.426000 4.051000
2.428000 4.064440
2.430000 4.077470
2.432000 4.090060
2.434000 4.102210
2.436000 4.113890
2.438000 4.125100
2.440000 4.135810
2.442000 4.146020
2.444000 4.155720
2.446000 4.164870
2.448000 4.173490
2.450000 4.181540
2.452000 4.189030
2.454000 4.195940
2.456000 4.202250
2.458000 4.207960
2.460000 4.213070
2.462000 4.217550
2.464000 4.221400
2.466000 4.224610
2.468000 4.227180
2.470000 4.229100
2.472000 4.230370
2.474000 4.230970
2.476000 4.230910
2.478000 4.230180
2.480000 4.228770
2.482000 4.226700
2.484000 4.223950
2.486000 4.220520
2.488000 4.216420
2.490000 4.211650
2.492000 4.206200
2.494000 4.200090
2.496000 4.193320
2.498000 4.185890
2.500000 4.177820
2.502000 4.169100
2.504000 4.159740
2.506000 4.149770
2.508000 4.139180
2.510000 4.127980
2.512000 4.116210
2.514000 4.103850
2.516000 4.090940
2.518000 4.077490
2.520000 4.063510
2.522000 4.049030
2.524000 4.034060
2.526000 4.018620
2.528000 4.002740
2.530000 3.986440
2.532000 3.969750
2.534000 3.952680
2.536000 3.935270
2.538000 3.917550
2.540000 3.899530
2.542000 3.881260
2.544000 3.862760
2.546000 3.844060
2.548000 3.825190
2.550000 3.806200
2.552000 3.787100
2.554000 3.767940
2.556000 3.748760
2.558000 3.729580
2.560000 3.710440
2.562000 3.691390
2.564000 3.672460
2.566000 3.653680
2.568000 3.635100
2.570000 3.616750
2.572000 3.598670
2.574000 3.580890
2.576000 3.563470
2.578000 3.546440
2.580000 3.529840
2.582000 3.513700
2.584000 3.498060
2.586000 3.482950
2.588000 3.468410
2.590000 3.454470
2.592000 3.441180
2.594000 3.428580
2.596000 3.416690
2.598000 3.405550
2.600000 3.395180
2.602000 3.385610
2.604000 3.376850
2.606000 3.368950
2.608000 3.361920
2.610000 3.355800
2.612000 3.350610
2.614000 3.346380
2.616000 3.343130
2.618000 3.340860
2.620000 3.339570
2.622000 3.339290
2.624000 3.340000
2.626000 3.341720
2.628000 3.344470
2.630000 3.348240
2.632000 3.353060
2.634000 3.358920
2.636000 3.365830
2.638000 3.373770
2.640000 3.382750
2.642000 3.392730
2.644000 3.403690
2.646000 3.415630
2.648000 3.428510
2.650000 3.442330
2.652000 3.457060
2.654000 3.472700
2.656000 3.489230
2.658000 3.506640
2.660000 3.524900
2.662000 3.543980
2.664000 3.563850
2.666000 3.584480
2.668000 3.605820
2.670000 3.627840
2.672000 3.650500
2.674000 3.673740
2.676000 3.697540
2.678000 3.721840
2.680000 3.746620
2.682000 3.771840
2.684000 3.797490
2.686000 3.823530
2.688000 3.849920
2.690000 3.876630
2.692000 3.903600
2.694000 3.930790
2.696000 3.958150
2.698000 3.985640
2.700000 4.013210
2.702000 4.040830
2.704000 4.068440
2.706000 4.096000
2.708000 4.123480
2.710000 4.150810
2.712000 4.177940
2.714000 4.204840
2.716000 4.231450
2.718000 4.257780
2.720000 4.283790
2.722000 4.309470
2.724000 4.334770
2.726000 4.359660
2.728000 4.384090
2.730000 4.408020
2.732000 4.431410
2.734000 4.454220
2.736000 4.476420
2.738000 4.497980
2.740000 4.518870
2.742000 4.539040
2.744000 4.558460
2.746000 4.577040
2.748000 4.594550
2.750000 4.610260
2.752000 4.621800
2.754000 4.621200
2.756000 4.582380
2.758000 4.425080
2.760000 3.947550
2.762000 2.921230
2.764000 1.743770
2.766000 1.246480
2.768000 1.193510
2.770000 1.191890
2.772000 1.192370
2.774000 1.192900
2.776000 1.193420
2.778000 1.193920
2.780000 1.194400
2.782000 1.194860
2.784000 1.195300
2.786000 1.195720
2.788000 1.196130
2.790000 1.196510
2.792000 1.196870
2.794000 1.197210
2.796000 1.197530
2.798000 1.197840
2.800000 1.198120
2.802000 1.198390
2.804000 1.198630
2.806000 1.198850
2.808000 1.199060
2.810000 1.199240
2.812000 1.199400
2.814000 1.199550
2.816000 1.199670
2.818000 1.199780
2.820000 1.199860
2.822000 1.199930
2.824000 1.199970
2.826000 1.199990
2.828000 1.200000
2.830000 1.199980
2.832000 1.199950
2.834000 1.199890
2.836000 1.199820
2.838000 1.199720
2.840000 1.199610
2.842000 1.199470
2.844000 1.199310
2.846000 1.199140
2.848000 1.198940
2.850000 1.198730
2.852000 1.198490
2.854000 1.198240
2.856000 1.197960
2.858000 1.197670
2.860000 1.197350
2.862000 1.197020
2.864000 1.196670
2.866000 1.196290
2.868000 1.195900
2.870000 1.195490
2.872000 1.195060
2.874000 1.194600
2.876000 1.194130
2.878000 1.193640
2.880000 1.193130
2.882000 1.192600
2.884000 1.192050
2.886000 1.191490
2.888000 1.190900
2.890000 1.190290
2.892000 1.189670
2.894000 1.189020
2.896000 1.188360
2.898000 1.187680
2.900000 1.186980
2.902000 1.186260
2.904000 1.185520
2.906000 1.184770
2.908000 1.183990
2.910000 1.183200
2.912000 1.182390
2.914000 1.181560
2.916000 1.180710
2.918000 1.179840
2.920000 1.178960
2.922000 1.178060
2.924000 1.177140
2.926000 1.176200
2.928000 1.175240
2.930000 1.174270
2.932000 1.173280
2.934000 1.172270
2.936000 1.171250
2.938000 1.170210
2.940000 1.169150
2.942000 1.168070
2.944000 1.166980
2.946000 1.165870
2.948000 1.164750
2.950000 1.163600
2.952000 1.162450
2.954000 1.161270
2.956000 1.160080
2.958000 1.158870
2.960000 1.157650
2.962000 1.156410
2.964000 1.155160
2.966000 1.153890
2.968000 1.152600
2.970000 1.151300
2.972000 1.149990
2.974000 1.148660
2.976000 1.147310
2.978000 1.145950
2.980000 1.144580
2.982000 1.143190
2.984000 1.141780
2.986000 1.140370
2.988000 1.138930
2.990000 1.137490
2.992000 1.136030
2.994000 1.134560
2.996000 1.133070
2.998000 1.131570
3.000000 1.131570
