-1.000000 3.860000
-0.980000 3.860000
-0.960000 3.860000
-0.940000 3.860000
-0.920000 3.860000
-0.900000 3.860000
-0.880000 3.860000
-0.860000 3.860000
-0.840000 3.860000
-0.820000 3.860000
-0.800000 3.860000
-0.780000 3.860000
-0.760000 3.860000
-0.740000 3.860000
-0.720000 3.860000
-0.700000 3.860000
-0.680000 3.860000
-0.660000 3.860000
-0.640000 3.860000
-0.620000 3.860000
-0.600000 3.860000
-0.580000 3.860000
-0.560000 3.860000
-0.540000 3.860000
-0.520000 3.860000
-0.500000 3.860000
-0.480000 3.860000
-0.460000 3.860000
-0.440000 3.860000
-0.420000 3.860000
-0.400000 3.860000
-0.380000 3.860000
-0.360000 3.860010
-0.340000 3.860030
-0.320000 3.860070
-0.300000 3.860180
-0.280000 3.860410
-0.260000 3.860870
-0.240000 3.861740
-0.220000 3.863290
-0.200000 3.865850
-0.180000 3.869780
-0.160000 3.875340
-0.140000 3.882520
-0.120000 3.889700
-0.100000 3.894070
-0.080000 3.895590
-0.060000 3.895720
-0.040000 3.893790
-0.020000 3.889010
0.000000 3.881180
0.020000 3.870510
0.040000 3.857540
0.060000 3.842900
0.080000 3.827170
0.100000 3.810840
0.120000 3.794250
0.140000 3.777830
0.160000 3.761710
0.180000 3.745840
0.200000 3.730220
0.220000 3.714830
0.240000 3.699730
0.260000 3.685020
0.280000 3.670950
0.300000 3.657890
0.320000 3.646450
0.340000 3.637410
0.360000 3.631570
0.380000 3.629050
0.400000 3.628670
0.420000 3.630640
0.440000 3.637270
0.460000 3.651160
0.480000 3.675690
0.500000 3.714470
0.520000 3.769910
0.540000 3.840250
0.560000 3.911690
0.580000 3.966870
0.600000 4.006850
0.620000 4.034760
0.640000 4.053350
0.660000 4.064760
0.680000 4.070740
0.700000 4.072940
0.720000 4.073240
0.740000 4.072010
0.760000 4.068480
0.780000 4.062560
0.800000 4.054420
0.820000 4.044350
0.840000 4.032720
0.860000 4.019810
0.880000 4.005850
0.900000 3.990990
0.920000 3.975330
0.940000 3.958970
0.960000 3.941980
0.980000 3.924430
1.000000 3.906420
1.020000 3.888000
1.040000 3.869230
1.060000 3.850170
1.080000 3.830860
1.100000 3.811360
1.120000 3.791700
1.140000 3.772040
1.160000 3.752660
1.180000 3.733680
1.200000 3.715180
1.220000 3.697250
1.240000 3.680030
1.260000 3.663810
1.280000 3.649160
1.300000 3.636890
1.320000 3.627860
1.340000 3.622600
1.360000 3.620910
1.380000 3.620950
1.400000 3.624140
1.420000 3.632220
1.440000 3.646830
1.460000 3.669180
1.480000 3.699850
1.500000 3.738450
1.520000 3.783490
1.540000 3.832400
1.560000 3.879300
1.580000 3.920830
1.600000 3.956820
1.620000 3.987500
1.640000 4.013060
1.660000 4.033770
1.680000 4.049860
1.700000 4.060940
1.720000 4.066300
1.740000 4.065620
1.760000 4.058770
1.780000 4.045750
1.800000 4.023560
1.820000 3.989090
1.840000 3.939230
1.860000 3.876080
1.880000 3.825630
1.900000 3.792400
1.920000 3.771550
1.940000 3.755200
1.960000 3.747880
1.980000 3.758270
2.000000 3.794860
2.020000 3.863610
2.040000 3.956010
2.060000 4.013990
2.080000 4.031400
2.100000 4.021420
2.120000 3.997600
2.140000 3.962700
2.160000 3.903100
2.180000 3.810190
2.200000 3.677980
2.220000 3.538770
2.240000 3.444980
2.260000 3.392830
2.280000 3.368520
2.300000 3.358790
2.320000 3.372880
2.340000 3.423680
2.360000 3.523740
2.380000 3.681720
2.400000 3.837830
2.420000 3.942680
2.440000 4.009060
2.460000 4.051980
2.480000 4.083460
2.500000 4.083190
2.520000 4.022850
2.540000 3.880300
2.560000 3.666390
2.580000 3.517170
2.600000 3.456560
2.620000 3.452150
2.640000 3.476360
2.660000 3.562920
2.680000 3.746070
2.700000 4.021200
2.720000 4.224840
2.740000 3.958970
2.760000 2.534160
2.780000 1.339320
2.800000 1.200700
2.820000 1.199890
2.840000 1.199610
2.860000 1.197350
2.880000 1.193130
2.900000 1.186980
2.920000 1.178960
2.940000 1.169150
2.960000 1.157650
2.980000 1.144580
3.000000 1.144580
