-1.000000 3.860000
-0.980000 3.860000
-0.960000 3.860000
-0.940000 3.860000
-0.920000 3.860000
-0.900000 3.860000
-0.880000 3.860000
-0.860000 3.860000
-0.840000 3.860000
-0.820000 3.860000
-0.800000 3.860000
-0.780000 3.860000
-0.760000 3.860000
-0.740000 3.860000
-0.720000 3.860000
-0.700000 3.860000
-0.680000 3.860000
-0.660000 3.860000
-0.640000 3.860000
-0.620000 3.860000
-0.600000 3.860000
-0.580000 3.860000
-0.560000 3.860000
-0.540000 3.860000
-0.520000 3.860000
-0.500000 3.860000
-0.480000 3.860000
-0.460000 3.860000
-0.440000 3.860000
-0.420000 3.860000
-0.400000 3.860000
-0.380000 3.860000
-0.360000 3.860000
-0.340000 3.860000
-0.320000 3.860000
-0.300000 3.860030
-0.280000 3.860100
-0.260000 3.860310
-0.240000 3.860850
-0.220000 3.862150
-0.200000 3.864930
-0.180000 3.870210
-0.160000 3.878720
-0.140000 3.889460
-0.120000 3.899290
-0.100000 3.905500
-0.080000 3.907350
-0.060000 3.906830
-0.040000 3.903580
-0.020000 3.896060
0.000000 3.884590
0.020000 3.870650
0.040000 3.855500
0.060000 3.839820
0.080000 3.823920
0.100000 3.807950
0.120000 3.791980
0.140000 3.776070
0.160000 3.760270
0.180000 3.744630
0.200000 3.729210
0.220000 3.714070
0.240000 3.699300
0.260000 3.684980
0.280000 3.671250
0.300000 3.658310
0.320000 3.646480
0.340000 3.636280
0.360000 3.628470
0.380000 3.623940
0.400000 3.622910
0.420000 3.623820
0.440000 3.628690
0.460000 3.641890
0.480000 3.668930
0.500000 3.715120
0.520000 3.780280
0.540000 3.853260
0.560000 3.919600
0.580000 3.972310
0.600000 4.011080
0.620000 4.038380
0.640000 4.056840
0.660000 4.068430
0.680000 4.074610
0.700000 4.076660
0.720000 4.076560
0.740000 4.074960
0.760000 4.070720
0.780000 4.063720
0.800000 4.054550
0.820000 4.043820
0.840000 4.031880
0.860000 4.018910
0.880000 4.004990
0.900000 3.990200
0.920000 3.974620
0.940000 3.958300
0.960000 3.941270
0.980000 3.923610
1.000000 3.905360
1.020000 3.886630
1.040000 3.867530
1.060000 3.848200
1.080000 3.828760
1.100000 3.809280
1.120000 3.789830
1.140000 3.770500
1.160000 3.751360
1.180000 3.732560
1.200000 3.714220
1.220000 3.696510
1.240000 3.679570
1.260000 3.663600
1.280000 3.648950
1.300000 3.636150
1.320000 3.625990
1.340000 3.619380
1.360000 3.616850
1.380000 3.617010
1.400000 3.619690
1.420000 3.627850
1.440000 3.643910
1.460000 3.668960
1.480000 3.702710
1.500000 3.743680
1.520000 3.789230
1.540000 3.836030
1.560000 3.881080
1.580000 3.922400
1.600000 3.958900
1.620000 3.990170
1.640000 4.016310
1.660000 4.037770
1.680000 4.055400
1.700000 4.069430
1.720000 4.078890
1.740000 4.083580
1.760000 4.084450
1.780000 4.082550
1.800000 4.074020
1.820000 4.049020
1.840000 3.990280
1.860000 3.891450
1.880000 3.788680
1.900000 3.714250
1.920000 3.672730
1.940000 3.652300
1.960000 3.639510
1.980000 3.649640
2.000000 3.724010
2.020000 3.876800
2.040000 4.032130
2.060000 4.131300
2.080000 4.168360
2.100000 4.159690
2.120000 4.130280
2.140000 4.087790
2.160000 3.999230
2.180000 3.825810
2.200000 3.610660
2.220000 3.435520
2.240000 3.324090
2.260000 3.267910
2.280000 3.246670
2.300000 3.240700
2.320000 3.263360
2.340000 3.360980
2.360000 3.552520
2.380000 3.762310
2.400000 3.927220
2.420000 4.035610
2.440000 4.097970
2.460000 4.136370
2.480000 4.166770
2.500000 4.156230
2.520000 4.041960
2.540000 3.816890
2.560000 3.592630
2.580000 3.448970
2.600000 3.398250
2.620000 3.407460
2.640000 3.441730
2.660000 3.556090
2.680000 3.797580
2.700000 4.081450
2.720000 4.286580
2.740000 3.985480
2.760000 2.352310
2.780000 1.274640
2.800000 1.198330
2.820000 1.199860
2.840000 1.199610
2.860000 1.197350
2.880000 1.193130
2.900000 1.186980
2.920000 1.178960
2.940000 1.169150
2.960000 1.157650
2.980000 1.144580
3.000000 1.144580
