-1.000000 3.860000
-0.980000 3.860000
-0.960000 3.860000
-0.940000 3.860000
-0.920000 3.860000
-0.900000 3.860000
-0.880000 3.860000
-0.860000 3.860000
-0.840000 3.860000
-0.820000 3.860000
-0.800000 3.860000
-0.780000 3.860000
-0.760000 3.860000
-0.740000 3.860000
-0.720000 3.860000
-0.700000 3.860000
-0.680000 3.860000
-0.660000 3.860000
-0.640000 3.860000
-0.620000 3.860000
-0.600000 3.860000
-0.580000 3.860000
-0.560000 3.860000
-0.540000 3.860000
-0.520000 3.860000
-0.500000 3.860000
-0.480000 3.860000
-0.460000 3.860000
-0.440000 3.860000
-0.420000 3.860000
-0.400000 3.860000
-0.380000 3.860000
-0.360000 3.860000
-0.340000 3.860000
-0.320000 3.860010
-0.300000 3.860060
-0.280000 3.860200
-0.260000 3.860570
-0.240000 3.861420
-0.220000 3.863150
-0.200000 3.866290
-0.180000 3.871430
-0.160000 3.878880
-0.140000 3.888360
-0.120000 3.898710
-0.100000 3.907860
-0.080000 3.911770
-0.060000 3.910620
-0.040000 3.906140
-0.020000 3.897910
0.000000 3.886600
0.020000 3.873010
0.040000 3.857920
0.060000 3.841980
0.080000 3.825630
0.100000 3.809160
0.120000 3.792780
0.140000 3.776610
0.160000 3.760690
0.180000 3.745050
0.200000 3.729710
0.220000 3.714720
0.240000 3.700130
0.260000 3.686040
0.280000 3.672570
0.300000 3.659820
0.320000 3.647980
0.340000 3.637310
0.360000 3.628150
0.380000 3.621210
0.400000 3.620220
0.420000 3.622350
0.440000 3.629830
0.460000 3.645390
0.480000 3.672450
0.500000 3.714330
0.520000 3.771850
0.540000 3.840350
0.560000 3.909730
0.580000 3.969360
0.600000 4.013810
0.620000 4.043830
0.640000 4.063060
0.660000 4.074960
0.680000 4.080620
0.700000 4.080360
0.720000 4.078570
0.740000 4.074910
0.760000 4.069300
0.780000 4.061820
0.800000 4.052690
0.820000 4.042140
0.840000 4.030370
0.860000 4.017520
0.880000 4.003740
0.900000 3.989120
0.920000 3.973730
0.940000 3.957630
0.960000 3.940920
0.980000 3.923650
1.000000 3.905850
1.020000 3.887550
1.040000 3.868760
1.060000 3.849560
1.080000 3.830040
1.100000 3.810330
1.120000 3.790580
1.140000 3.770950
1.160000 3.751610
1.180000 3.732700
1.200000 3.714360
1.220000 3.696750
1.240000 3.680000
1.260000 3.664290
1.280000 3.649830
1.300000 3.636890
1.320000 3.625800
1.340000 3.617140
1.360000 3.613440
1.380000 3.614440
1.400000 3.619090
1.420000 3.629060
1.440000 3.645640
1.460000 3.669850
1.480000 3.702090
1.500000 3.741670
1.520000 3.786620
1.540000 3.833900
1.560000 3.880110
1.580000 3.922380
1.600000 3.959000
1.620000 3.989690
1.640000 4.015210
1.660000 4.036560
1.680000 4.054360
1.700000 4.068830
1.720000 4.079790
1.740000 4.085900
1.760000 4.085560
1.780000 4.081180
1.800000 4.069650
1.820000 4.047390
1.840000 4.010140
1.860000 3.953740
1.880000 3.875720
1.900000 3.777910
1.920000 3.673320
1.940000 3.607610
1.960000 3.595930
1.980000 3.606370
2.000000 3.655410
2.020000 3.749270
2.040000 3.886620
2.060000 4.054020
2.080000 4.218190
2.100000 4.271340
2.120000 4.233120
2.140000 4.168850
2.160000 4.063950
2.180000 3.917730
2.200000 3.733560
2.220000 3.522660
2.240000 3.309030
2.260000 3.165850
2.280000 3.149700
2.300000 3.163210
2.320000 3.213360
2.340000 3.311860
2.360000 3.458560
2.380000 3.650830
2.400000 3.876360
2.420000 4.097240
2.440000 4.192640
2.460000 4.217300
2.480000 4.210840
2.500000 4.158520
2.520000 4.051020
2.540000 3.886340
2.560000 3.676300
2.580000 3.454350
2.600000 3.321270
2.620000 3.343250
2.640000 3.416190
2.660000 3.562940
2.680000 3.787500
2.700000 4.062310
2.720000 4.303460
2.740000 4.001510
2.760000 2.369260
2.780000 1.199790
2.800000 1.197930
2.820000 1.199880
2.840000 1.199600
2.860000 1.197350
2.880000 1.193130
2.900000 1.186980
2.920000 1.178960
2.940000 1.169150
2.960000 1.157650
2.980000 1.144580
3.000000 1.144580
