-1.000000 3.860000
-0.980000 3.860000
-0.960000 3.860000
-0.940000 3.860000
-0.920000 3.860000
-0.900000 3.860000
-0.880000 3.860000
-0.860000 3.860000
-0.840000 3.860000
-0.820000 3.860000
-0.800000 3.860000
-0.780000 3.860000
-0.760000 3.860000
-0.740000 3.860000
-0.720000 3.860000
-0.700000 3.860000
-0.680000 3.860000
-0.660000 3.860000
-0.640000 3.860000
-0.620000 3.860000
-0.600000 3.860000
-0.580000 3.860000
-0.560000 3.860000
-0.540000 3.860000
-0.520000 3.860000
-0.500000 3.860000
-0.480000 3.860000
-0.460000 3.860000
-0.440000 3.860000
-0.420000 3.860000
-0.400000 3.860000
-0.380000 3.860000
-0.360000 3.860000
-0.340000 3.860000
-0.320000 3.860000
-0.300000 3.860000
-0.280000 3.860020
-0.260000 3.860080
-0.240000 3.860300
-0.220000 3.860980
-0.200000 3.863040
-0.180000 3.869070
-0.160000 3.880910
-0.140000 3.894240
-0.120000 3.907400
-0.100000 3.917840
-0.080000 3.919360
-0.060000 3.918130
-0.040000 3.912140
-0.020000 3.899530
0.000000 3.885230
0.020000 3.870200
0.040000 3.854760
0.060000 3.839110
0.080000 3.823360
0.100000 3.807570
0.120000 3.791790
0.140000 3.776060
0.160000 3.760450
0.180000 3.745000
0.200000 3.729760
0.220000 3.714780
0.240000 3.700140
0.260000 3.685920
0.280000 3.672240
0.300000 3.659230
0.320000 3.647010
0.340000 3.635760
0.360000 3.625700
0.380000 3.617320
0.400000 3.614930
0.420000 3.615350
0.440000 3.618650
0.460000 3.631010
0.480000 3.665810
0.500000 3.721440
0.520000 3.785650
0.540000 3.851850
0.560000 3.915760
0.580000 3.972020
0.600000 4.016170
0.620000 4.047230
0.640000 4.067790
0.660000 4.078580
0.680000 4.080350
0.700000 4.080330
0.720000 4.079650
0.740000 4.077060
0.760000 4.071120
0.780000 4.063370
0.800000 4.054150
0.820000 4.043460
0.840000 4.031330
0.860000 4.017960
0.880000 4.003630
0.900000 3.988620
0.920000 3.973120
0.940000 3.957160
0.960000 3.940650
0.980000 3.923480
1.000000 3.905560
1.020000 3.886940
1.040000 3.867750
1.060000 3.848210
1.080000 3.828520
1.100000 3.808820
1.120000 3.789180
1.140000 3.769710
1.160000 3.750530
1.180000 3.731790
1.200000 3.713610
1.220000 3.696100
1.240000 3.679400
1.260000 3.663620
1.280000 3.648940
1.300000 3.635550
1.320000 3.623720
1.340000 3.613990
1.360000 3.610990
1.380000 3.611220
1.400000 3.613650
1.420000 3.622540
1.440000 3.642980
1.460000 3.670800
1.480000 3.705580
1.500000 3.746560
1.520000 3.791310
1.540000 3.837010
1.560000 3.881900
1.580000 3.923860
1.600000 3.960850
1.620000 3.991910
1.640000 4.017350
1.660000 4.038030
1.680000 4.054760
1.700000 4.068120
1.720000 4.079020
1.740000 4.087710
1.760000 4.097560
1.780000 4.103850
1.800000 4.101830
1.820000 4.094900
1.840000 4.081160
1.860000 4.040610
1.880000 3.893780
1.900000 3.675530
1.920000 3.536630
1.940000 3.505900
1.960000 3.490370
1.980000 3.482340
2.000000 3.520570
2.020000 3.749470
2.040000 4.094020
2.060000 4.328860
2.080000 4.343490
2.100000 4.316250
2.120000 4.283290
2.140000 4.242530
2.160000 4.163080
2.180000 3.932310
2.200000 3.608510
2.220000 3.299150
2.240000 3.159580
2.260000 3.131110
2.280000 3.119560
2.300000 3.113330
2.320000 3.130810
2.340000 3.249490
2.360000 3.511770
2.380000 3.790230
2.400000 4.050580
2.420000 4.147520
2.440000 4.183380
2.460000 4.216150
2.480000 4.245410
2.500000 4.223280
2.520000 4.044760
2.540000 3.825760
2.560000 3.593110
2.580000 3.378520
2.600000 3.334720
2.620000 3.354190
2.640000 3.390470
2.660000 3.529780
2.680000 3.824040
2.700000 4.127390
2.720000 4.371420
2.740000 4.033130
2.760000 2.162230
2.780000 1.221740
2.800000 1.198150
2.820000 1.199860
2.840000 1.199610
2.860000 1.197350
2.880000 1.193130
2.900000 1.186980
2.920000 1.178960
2.940000 1.169150
2.960000 1.157650
2.980000 1.144580
3.000000 1.144580
