-1.000000 3.860000
-0.980000 3.860000
-0.960000 3.860000
-0.940000 3.860000
-0.920000 3.860000
-0.900000 3.860000
-0.880000 3.860000
-0.860000 3.860000
-0.840000 3.860000
-0.820000 3.860000
-0.800000 3.860000
-0.780000 3.860000
-0.760000 3.860000
-0.740000 3.860000
-0.720000 3.860000
-0.700000 3.860000
-0.680000 3.860000
-0.660000 3.860000
-0.640000 3.860000
-0.620000 3.860000
-0.600000 3.860000
-0.580000 3.860000
-0.560000 3.860000
-0.540000 3.860000
-0.520000 3.860000
-0.500000 3.860000
-0.480000 3.860000
-0.460000 3.860000
-0.440000 3.860000
-0.420000 3.860000
-0.400000 3.860000
-0.380000 3.860000
-0.360000 3.860000
-0.340000 3.860000
-0.320000 3.860000
-0.300000 3.860010
-0.280000 3.860070
-0.260000 3.860240
-0.240000 3.860720
-0.220000 3.861950
-0.200000 3.864760
-0.180000 3.870310
-0.160000 3.879230
-0.140000 3.889910
-0.120000 3.898760
-0.100000 3.903590
-0.080000 3.904960
-0.060000 3.904620
-0.040000 3.901780
-0.020000 3.894630
0.000000 3.883470
0.020000 3.869830
0.040000 3.854950
0.060000 3.839470
0.080000 3.823720
0.100000 3.807840
0.120000 3.791940
0.140000 3.776080
0.160000 3.760330
0.180000 3.744720
0.200000 3.729320
0.220000 3.714160
0.240000 3.699320
0.260000 3.684850
0.280000 3.670900
0.300000 3.657690
0.320000 3.645660
0.340000 3.635560
0.360000 3.628370
0.380000 3.624670
0.400000 3.623780
0.420000 3.624440
0.440000 3.628780
0.460000 3.641550
0.480000 3.668720
0.500000 3.715550
0.520000 3.781040
0.540000 3.853850
0.560000 3.919850
0.580000 3.972240
0.600000 4.011020
0.620000 4.038460
0.640000 4.056830
0.660000 4.068010
0.680000 4.073730
0.700000 4.075740
0.720000 4.075870
0.740000 4.074660
0.760000 4.070710
0.780000 4.063760
0.800000 4.054570
0.820000 4.043820
0.840000 4.031880
0.860000 4.018890
0.880000 4.004960
0.900000 3.990160
0.920000 3.974570
0.940000 3.958240
0.960000 3.941240
0.980000 3.923620
1.000000 3.905440
1.020000 3.886780
1.040000 3.867750
1.060000 3.848450
1.080000 3.829020
1.100000 3.809530
1.120000 3.790060
1.140000 3.770700
1.160000 3.751560
1.180000 3.732780
1.200000 3.714480
1.220000 3.696730
1.240000 3.679630
1.260000 3.663380
1.280000 3.648410
1.300000 3.635490
1.320000 3.625710
1.340000 3.619910
1.360000 3.617830
1.380000 3.617820
1.400000 3.620080
1.420000 3.627900
1.440000 3.643950
1.460000 3.669100
1.480000 3.702770
1.500000 3.743480
1.520000 3.788820
1.540000 3.835590
1.560000 3.880720
1.580000 3.922090
1.600000 3.958580
1.620000 3.989840
1.640000 4.016010
1.660000 4.037780
1.680000 4.056120
1.700000 4.070190
1.720000 4.078980
1.740000 4.083120
1.760000 4.084000
1.780000 4.082060
1.800000 4.071520
1.820000 4.035420
1.840000 3.953840
1.860000 3.851860
1.880000 3.772420
1.900000 3.722440
1.920000 3.693710
1.940000 3.675650
1.960000 3.663550
1.980000 3.681970
2.000000 3.781460
2.020000 3.936700
2.040000 4.056330
2.060000 4.117970
2.080000 4.133490
2.100000 4.119440
2.120000 4.091290
2.140000 4.050410
2.160000 3.955730
2.180000 3.771850
2.200000 3.576460
2.220000 3.435340
2.240000 3.348930
2.260000 3.302770
2.280000 3.281390
2.300000 3.273840
2.320000 3.293920
2.340000 3.397820
2.360000 3.593660
2.380000 3.782650
2.400000 3.920670
2.420000 4.012130
2.440000 4.070050
2.460000 4.110390
2.480000 4.144390
2.500000 4.145560
2.520000 4.030970
2.540000 3.791900
2.560000 3.577280
2.580000 3.457700
2.600000 3.418520
2.620000 3.424830
2.640000 3.453170
2.660000 3.557670
2.680000 3.800710
2.700000 4.083330
2.720000 4.284690
2.740000 3.982250
2.760000 2.335600
2.780000 1.308210
2.800000 1.202200
2.820000 1.199980
2.840000 1.199610
2.860000 1.197350
2.880000 1.193130
2.900000 1.186980
2.920000 1.178960
2.940000 1.169150
2.960000 1.157650
2.980000 1.144580
3.000000 1.144580
