0.000000 0.999470
0.005000 0.999470
0.010000 0.999470
0.015000 0.998890
0.020000 0.998280
0.025000 0.997210
0.030000 0.995720
0.035000 0.993610
0.040000 0.990800
0.045000 0.987190
0.050000 0.982750
0.055000 0.977490
0.060000 0.971490
0.065000 0.964870
0.070000 0.957750
0.075000 0.950260
0.080000 0.942500
0.085000 0.934560
0.090000 0.926490
0.095000 0.918350
0.100000 0.910160
0.105000 0.901950
0.110000 0.893730
0.115000 0.885520
0.120000 0.877320
0.125000 0.869150
0.130000 0.861010
0.135000 0.852890
0.140000 0.844820
0.145000 0.836780
0.150000 0.828780
0.155000 0.820830
0.160000 0.812920
0.165000 0.805060
0.170000 0.797240
0.175000 0.789480
0.180000 0.781760
0.185000 0.774090
0.190000 0.766470
0.195000 0.758910
0.200000 0.751400
0.205000 0.743940
0.210000 0.736530
0.215000 0.729180
0.220000 0.721880
0.225000 0.714640
0.230000 0.707450
0.235000 0.700320
0.240000 0.693250
0.245000 0.686230
0.250000 0.679270
0.255000 0.672370
0.260000 0.665530
0.265000 0.658750
0.270000 0.652020
0.275000 0.645360
0.280000 0.638750
0.285000 0.632200
0.290000 0.625710
0.295000 0.619280
0.300000 0.612910
0.305000 0.606600
0.310000 0.600350
0.315000 0.594170
0.320000 0.588070
0.325000 0.582120
0.330000 0.576450
0.335000 0.571390
0.340000 0.567350
0.345000 0.564590
0.350000 0.563010
0.355000 0.562250
0.360000 0.561990
0.365000 0.561960
0.370000 0.562180
0.375000 0.563080
0.380000 0.564900
0.385000 0.566960
0.390000 0.568450
0.395000 0.569460
0.400000 0.570230
0.405000 0.570890
0.410000 0.571450
0.415000 0.571920
0.420000 0.572320
0.425000 0.572670
0.430000 0.572970
0.435000 0.573240
0.440000 0.573480
0.445000 0.573680
0.450000 0.573870
0.455000 0.574040
0.460000 0.574180
0.465000 0.574320
0.470000 0.574430
0.475000 0.574540
0.480000 0.574630
0.485000 0.574720
0.490000 0.574790
0.495000 0.574860
0.500000 0.574920
0.505000 0.574970
0.510000 0.575020
0.515000 0.575060
0.520000 0.575090
0.525000 0.575120
0.530000 0.575150
0.535000 0.575180
0.540000 0.575200
0.545000 0.575210
0.550000 0.575230
0.555000 0.575240
0.560000 0.575250
0.565000 0.575260
0.570000 0.575260
0.575000 0.575270
0.580000 0.575270
0.585000 0.575270
0.590000 0.575270
0.595000 0.575270
0.600000 0.575270
0.605000 0.575270
0.610000 0.575260
0.615000 0.575260
0.620000 0.575260
0.625000 0.575250
0.630000 0.575240
0.635000 0.575230
0.640000 0.575210
0.645000 0.575180
0.650000 0.575160
0.655000 0.575140
0.660000 0.575130
0.665000 0.575140
0.670000 0.575230
0.675000 0.575480
0.680000 0.576150
0.685000 0.577760
0.690000 0.581420
0.695000 0.589410
0.700000 0.606270
0.705000 0.640620
0.710000 0.708310
0.715000 0.837270
0.720000 1.074570
0.725000 1.495460
0.730000 2.203270
0.735000 3.210980
0.740000 4.214180
0.745000 4.949550
0.750000 5.413620
0.755000 5.682740
0.760000 5.826700
0.765000 5.887260
0.770000 5.859060
0.775000 5.624530
0.780000 4.782390
0.785000 2.826140
0.790000 1.289220
0.795000 1.028190
0.800000 1.002500
0.805000 1.000010
0.810000 1.000000
0.815000 1.000000
0.820000 1.000000
0.825000 1.000000
0.830000 1.000000
0.835000 1.000000
0.840000 1.000000
0.845000 1.000000
0.850000 1.000000
0.855000 1.000000
0.860000 1.000000
0.865000 1.000000
0.870000 1.000000
0.875000 1.000000
0.880000 1.000000
0.885000 1.000000
0.890000 1.000000
0.895000 1.000000
0.900000 1.000000
0.905000 1.000000
0.910000 1.000000
0.915000 1.000000
0.920000 1.000000
0.925000 1.000000
0.930000 1.000000
0.935000 1.000000
0.940000 1.000000
0.945000 1.000000
0.950000 1.000000
0.955000 1.000000
0.960000 1.000000
0.965000 1.000000
0.970000 1.000000
0.975000 1.000000
0.980000 1.000000
0.985000 1.000000
0.990000 1.000000
0.995000 0.999990
1.000000 0.999990
