0.000000 0.998800
0.005000 0.998800
0.010000 0.998800
0.015000 0.997830
0.020000 0.996930
0.025000 0.995430
0.030000 0.993620
0.035000 0.991140
0.040000 0.988120
0.045000 0.984380
0.050000 0.979990
0.055000 0.974910
0.060000 0.969210
0.065000 0.962940
0.070000 0.956190
0.075000 0.949050
0.080000 0.941590
0.085000 0.933890
0.090000 0.926000
0.095000 0.917990
0.100000 0.909890
0.105000 0.901720
0.110000 0.893500
0.115000 0.885240
0.120000 0.876970
0.125000 0.868720
0.130000 0.860500
0.135000 0.852330
0.140000 0.844200
0.145000 0.836120
0.150000 0.828090
0.155000 0.820120
0.160000 0.812200
0.165000 0.804340
0.170000 0.796540
0.175000 0.788800
0.180000 0.781120
0.185000 0.773500
0.190000 0.765940
0.195000 0.758440
0.200000 0.751000
0.205000 0.743620
0.210000 0.736300
0.215000 0.729040
0.220000 0.721840
0.225000 0.714700
0.230000 0.707620
0.235000 0.700600
0.240000 0.693640
0.245000 0.686730
0.250000 0.679890
0.255000 0.673110
0.260000 0.666380
0.265000 0.659720
0.270000 0.653120
0.275000 0.646580
0.280000 0.640110
0.285000 0.633710
0.290000 0.627380
0.295000 0.621130
0.300000 0.614970
0.305000 0.608910
0.310000 0.602980
0.315000 0.597210
0.320000 0.591640
0.325000 0.586330
0.330000 0.581360
0.335000 0.576830
0.340000 0.572860
0.345000 0.569540
0.350000 0.566960
0.355000 0.565150
0.360000 0.564050
0.365000 0.563550
0.370000 0.563440
0.375000 0.563530
0.380000 0.563990
0.385000 0.565170
0.390000 0.566770
0.395000 0.568050
0.400000 0.569040
0.405000 0.569830
0.410000 0.570470
0.415000 0.571000
0.420000 0.571440
0.425000 0.571820
0.430000 0.572140
0.435000 0.572420
0.440000 0.572670
0.445000 0.572880
0.450000 0.573070
0.455000 0.573240
0.460000 0.573390
0.465000 0.573530
0.470000 0.573650
0.475000 0.573760
0.480000 0.573860
0.485000 0.573950
0.490000 0.574040
0.495000 0.574110
0.500000 0.574180
0.505000 0.574240
0.510000 0.574300
0.515000 0.574350
0.520000 0.574400
0.525000 0.574450
0.530000 0.574490
0.535000 0.574530
0.540000 0.574560
0.545000 0.574590
0.550000 0.574620
0.555000 0.574640
0.560000 0.574670
0.565000 0.574690
0.570000 0.574710
0.575000 0.574720
0.580000 0.574740
0.585000 0.574750
0.590000 0.574760
0.595000 0.574770
0.600000 0.574780
0.605000 0.574780
0.610000 0.574780
0.615000 0.574780
0.620000 0.574780
0.625000 0.574780
0.630000 0.574770
0.635000 0.574750
0.640000 0.574730
0.645000 0.574720
0.650000 0.574730
0.655000 0.574760
0.660000 0.574870
0.665000 0.575180
0.670000 0.575920
0.675000 0.577570
0.680000 0.581060
0.685000 0.588090
0.690000 0.601600
0.695000 0.626450
0.700000 0.670280
0.705000 0.744330
0.710000 0.864220
0.715000 1.050120
0.720000 1.325930
0.725000 1.717000
0.730000 2.246070
0.735000 2.927540
0.740000 3.760030
0.745000 4.563020
0.750000 5.124480
0.755000 5.490650
0.760000 5.711700
0.765000 5.820490
0.770000 5.806760
0.775000 5.570720
0.780000 4.836450
0.785000 3.266260
0.790000 1.549090
0.795000 1.055340
0.800000 1.006680
0.805000 1.000070
0.810000 1.000000
0.815000 1.000000
0.820000 1.000000
0.825000 1.000000
0.830000 1.000000
0.835000 1.000000
0.840000 1.000000
0.845000 1.000000
0.850000 1.000000
0.855000 1.000000
0.860000 1.000000
0.865000 1.000000
0.870000 1.000000
0.875000 1.000000
0.880000 1.000000
0.885000 1.000000
0.890000 1.000000
0.895000 1.000000
0.900000 1.000000
0.905000 1.000000
0.910000 1.000000
0.915000 1.000000
0.920000 1.000000
0.925000 1.000000
0.930000 1.000000
0.935000 1.000000
0.940000 1.000000
0.945000 1.000000
0.950000 1.000000
0.955000 1.000000
0.960000 1.000000
0.965000 1.000000
0.970000 1.000000
0.975000 1.000000
0.980000 1.000000
0.985000 1.000000
0.990000 0.999990
0.995000 0.999980
1.000000 0.999980
