0.000000 0.999930
0.005000 0.999930
0.010000 0.999930
0.015000 0.999750
0.020000 0.999440
0.025000 0.998820
0.030000 0.997730
0.035000 0.995980
0.040000 0.993400
0.045000 0.989850
0.050000 0.985310
0.055000 0.979830
0.060000 0.973530
0.065000 0.966570
0.070000 0.959130
0.075000 0.951330
0.080000 0.943290
0.085000 0.935110
0.090000 0.926830
0.095000 0.918510
0.100000 0.910160
0.105000 0.901820
0.110000 0.893480
0.115000 0.885180
0.120000 0.876900
0.125000 0.868650
0.130000 0.860450
0.135000 0.852290
0.140000 0.844170
0.145000 0.836100
0.150000 0.828080
0.155000 0.820110
0.160000 0.812190
0.165000 0.804320
0.170000 0.796510
0.175000 0.788750
0.180000 0.781040
0.185000 0.773390
0.190000 0.765790
0.195000 0.758240
0.200000 0.750760
0.205000 0.743320
0.210000 0.735940
0.215000 0.728620
0.220000 0.721350
0.225000 0.714140
0.230000 0.706990
0.235000 0.699890
0.240000 0.692840
0.245000 0.685860
0.250000 0.678920
0.255000 0.672050
0.260000 0.665230
0.265000 0.658460
0.270000 0.651750
0.275000 0.645090
0.280000 0.638480
0.285000 0.631930
0.290000 0.625430
0.295000 0.618980
0.300000 0.612570
0.305000 0.606220
0.310000 0.599900
0.315000 0.593630
0.320000 0.587410
0.325000 0.581280
0.330000 0.575370
0.335000 0.569980
0.340000 0.565580
0.345000 0.562560
0.350000 0.560930
0.355000 0.560310
0.360000 0.560190
0.365000 0.560410
0.370000 0.561700
0.375000 0.564110
0.380000 0.566570
0.385000 0.568260
0.390000 0.569360
0.395000 0.570190
0.400000 0.570880
0.405000 0.571470
0.410000 0.571970
0.415000 0.572380
0.420000 0.572740
0.425000 0.573040
0.430000 0.573310
0.435000 0.573550
0.440000 0.573750
0.445000 0.573940
0.450000 0.574100
0.455000 0.574250
0.460000 0.574380
0.465000 0.574500
0.470000 0.574610
0.475000 0.574700
0.480000 0.574790
0.485000 0.574870
0.490000 0.574940
0.495000 0.575010
0.500000 0.575070
0.505000 0.575120
0.510000 0.575170
0.515000 0.575220
0.520000 0.575260
0.525000 0.575300
0.530000 0.575330
0.535000 0.575360
0.540000 0.575390
0.545000 0.575420
0.550000 0.575440
0.555000 0.575470
0.560000 0.575500
0.565000 0.575530
0.570000 0.575550
0.575000 0.575560
0.580000 0.575560
0.585000 0.575560
0.590000 0.575550
0.595000 0.575530
0.600000 0.575500
0.605000 0.575470
0.610000 0.575420
0.615000 0.575370
0.620000 0.575310
0.625000 0.575250
0.630000 0.575190
0.635000 0.575140
0.640000 0.575100
0.645000 0.575060
0.650000 0.575030
0.655000 0.575010
0.660000 0.575000
0.665000 0.575000
0.670000 0.575010
0.675000 0.575040
0.680000 0.575180
0.685000 0.575610
0.690000 0.576870
0.695000 0.580400
0.700000 0.589630
0.705000 0.612380
0.710000 0.665240
0.715000 0.780780
0.720000 1.017400
0.725000 1.465540
0.730000 2.220480
0.735000 3.250020
0.740000 4.275420
0.745000 5.053330
0.750000 5.535790
0.755000 5.788980
0.760000 5.904320
0.765000 5.947170
0.770000 5.927630
0.775000 5.702190
0.780000 4.672110
0.785000 2.539560
0.790000 1.206670
0.795000 1.017730
0.800000 1.001180
0.805000 1.000000
0.810000 1.000000
0.815000 1.000000
0.820000 1.000000
0.825000 1.000000
0.830000 1.000000
0.835000 1.000000
0.840000 1.000000
0.845000 1.000000
0.850000 1.000000
0.855000 1.000000
0.860000 1.000000
0.865000 1.000000
0.870000 1.000000
0.875000 1.000000
0.880000 1.000000
0.885000 1.000000
0.890000 1.000000
0.895000 1.000000
0.900000 1.000000
0.905000 1.000000
0.910000 1.000000
0.915000 1.000000
0.920000 1.000000
0.925000 1.000000
0.930000 1.000000
0.935000 1.000000
0.940000 1.000000
0.945000 1.000000
0.950000 1.000000
0.955000 1.000000
0.960000 1.000000
0.965000 1.000000
0.970000 1.000000
0.975000 1.000000
0.980000 1.000000
0.985000 1.000000
0.990000 1.000000
0.995000 0.999990
1.000000 0.999990
