0.000000 1.005080
0.005000 1.005080
0.010000 1.005080
0.015000 1.010520
0.020000 1.013110
0.025000 1.014770
0.030000 1.015420
0.035000 1.012660
0.040000 1.005770
0.045000 0.998010
0.050000 0.989900
0.055000 0.981570
0.060000 0.973130
0.065000 0.964610
0.070000 0.956060
0.075000 0.947510
0.080000 0.938970
0.085000 0.930440
0.090000 0.921950
0.095000 0.913500
0.100000 0.905090
0.105000 0.896720
0.110000 0.888410
0.115000 0.880140
0.120000 0.871930
0.125000 0.863770
0.130000 0.855660
0.135000 0.847610
0.140000 0.839620
0.145000 0.831680
0.150000 0.823790
0.155000 0.815960
0.160000 0.808190
0.165000 0.800480
0.170000 0.792820
0.175000 0.785210
0.180000 0.777670
0.185000 0.770170
0.190000 0.762740
0.195000 0.755360
0.200000 0.748030
0.205000 0.740760
0.210000 0.733550
0.215000 0.726390
0.220000 0.719280
0.225000 0.712230
0.230000 0.705230
0.235000 0.698280
0.240000 0.691390
0.245000 0.684550
0.250000 0.677760
0.255000 0.671030
0.260000 0.664340
0.265000 0.657710
0.270000 0.651130
0.275000 0.644600
0.280000 0.638130
0.285000 0.631710
0.290000 0.625350
0.295000 0.619040
0.300000 0.612800
0.305000 0.606630
0.310000 0.600560
0.315000 0.594600
0.320000 0.588800
0.325000 0.583220
0.330000 0.577970
0.335000 0.573170
0.340000 0.568980
0.345000 0.565580
0.350000 0.563090
0.355000 0.561560
0.360000 0.560900
0.365000 0.560840
0.370000 0.562200
0.375000 0.564050
0.380000 0.565730
0.385000 0.567120
0.390000 0.568240
0.395000 0.569140
0.400000 0.569890
0.405000 0.570500
0.410000 0.571030
0.415000 0.571480
0.420000 0.571870
0.425000 0.572210
0.430000 0.572510
0.435000 0.572780
0.440000 0.573020
0.445000 0.573240
0.450000 0.573440
0.455000 0.573620
0.460000 0.573780
0.465000 0.573930
0.470000 0.574060
0.475000 0.574190
0.480000 0.574300
0.485000 0.574410
0.490000 0.574510
0.495000 0.574610
0.500000 0.574700
0.505000 0.574780
0.510000 0.574850
0.515000 0.574890
0.520000 0.574920
0.525000 0.574920
0.530000 0.574920
0.535000 0.574920
0.540000 0.575110
0.545000 0.575370
0.550000 0.575690
0.555000 0.576020
0.560000 0.576310
0.565000 0.576550
0.570000 0.576700
0.575000 0.576780
0.580000 0.576800
0.585000 0.576760
0.590000 0.576610
0.595000 0.576450
0.600000 0.576290
0.605000 0.576120
0.610000 0.575960
0.615000 0.575810
0.620000 0.575680
0.625000 0.575560
0.630000 0.575460
0.635000 0.575380
0.640000 0.575320
0.645000 0.575260
0.650000 0.575230
0.655000 0.575200
0.660000 0.575180
0.665000 0.575170
0.670000 0.575180
0.675000 0.575280
0.680000 0.575700
0.685000 0.577100
0.690000 0.581110
0.695000 0.591250
0.700000 0.614280
0.705000 0.661950
0.710000 0.752540
0.715000 0.911330
0.720000 1.169020
0.725000 1.556880
0.730000 2.098390
0.735000 2.798650
0.740000 3.634350
0.745000 4.548290
0.750000 5.449520
0.755000 6.178380
0.760000 6.265310
0.765000 6.204400
0.770000 6.074670
0.775000 5.726640
0.780000 4.640930
0.785000 2.681310
0.790000 1.210580
0.795000 0.995650
0.800000 0.999800
0.805000 1.000000
0.810000 1.000000
0.815000 1.000000
0.820000 1.000000
0.825000 1.000000
0.830000 1.000000
0.835000 1.000000
0.840000 1.000000
0.845000 1.000000
0.850000 1.000000
0.855000 1.000000
0.860000 1.000000
0.865000 1.000000
0.870000 1.000000
0.875000 1.000000
0.880000 1.000000
0.885000 1.000000
0.890000 1.000000
0.895000 1.000000
0.900000 1.000000
0.905000 1.000000
0.910000 1.000000
0.915000 1.000000
0.920000 1.000000
0.925000 1.000000
0.930000 1.000000
0.935000 1.000000
0.940000 1.000000
0.945000 1.000000
0.950000 1.000000
0.955000 1.000000
0.960000 1.000000
0.965000 1.000000
0.970000 1.000000
0.975000 1.000000
0.980000 1.000000
0.985000 1.000000
0.990000 1.000000
0.995000 0.999990
1.000000 0.999990
