0.000000 1.000000
0.005000 1.000000
0.010000 1.000000
0.015000 1.000000
0.020000 1.000000
0.025000 1.000000
0.030000 1.000000
0.035000 1.000000
0.040000 1.000000
0.045000 1.000000
0.050000 0.999990
0.055000 0.996760
0.060000 0.986890
0.065000 0.976850
0.070000 0.966910
0.075000 0.957130
0.080000 0.947530
0.085000 0.938090
0.090000 0.928820
0.095000 0.919690
0.100000 0.910680
0.105000 0.901800
0.110000 0.893010
0.115000 0.884320
0.120000 0.875720
0.125000 0.867210
0.130000 0.858780
0.135000 0.850420
0.140000 0.842150
0.145000 0.833940
0.150000 0.825810
0.155000 0.817750
0.160000 0.809770
0.165000 0.801840
0.170000 0.793990
0.175000 0.786200
0.180000 0.778480
0.185000 0.770820
0.190000 0.763230
0.195000 0.755700
0.200000 0.748230
0.205000 0.740820
0.210000 0.733470
0.215000 0.726180
0.220000 0.718950
0.225000 0.711780
0.230000 0.704670
0.235000 0.697610
0.240000 0.690610
0.245000 0.683670
0.250000 0.676780
0.255000 0.669950
0.260000 0.663170
0.265000 0.656440
0.270000 0.649770
0.275000 0.643140
0.280000 0.636560
0.285000 0.630030
0.290000 0.623550
0.295000 0.617100
0.300000 0.610680
0.305000 0.604250
0.310000 0.597810
0.315000 0.591350
0.320000 0.584850
0.325000 0.578310
0.330000 0.571690
0.335000 0.565000
0.340000 0.558260
0.345000 0.553850
0.350000 0.552470
0.355000 0.552150
0.360000 0.552160
0.365000 0.556140
0.370000 0.562350
0.375000 0.566490
0.380000 0.567960
0.385000 0.568590
0.390000 0.569160
0.395000 0.569870
0.400000 0.570610
0.405000 0.571330
0.410000 0.571920
0.415000 0.572360
0.420000 0.572810
0.425000 0.573310
0.430000 0.573840
0.435000 0.574370
0.440000 0.574900
0.445000 0.575430
0.450000 0.575930
0.455000 0.576400
0.460000 0.576830
0.465000 0.577210
0.470000 0.577570
0.475000 0.577860
0.480000 0.577960
0.485000 0.577990
0.490000 0.578000
0.495000 0.577990
0.500000 0.577750
0.505000 0.577430
0.510000 0.577120
0.515000 0.576800
0.520000 0.576480
0.525000 0.576160
0.530000 0.575850
0.535000 0.575550
0.540000 0.575300
0.545000 0.575180
0.550000 0.575140
0.555000 0.575130
0.560000 0.575120
0.565000 0.575130
0.570000 0.575130
0.575000 0.575140
0.580000 0.575160
0.585000 0.575190
0.590000 0.575230
0.595000 0.575260
0.600000 0.575300
0.605000 0.575340
0.610000 0.575370
0.615000 0.575400
0.620000 0.575440
0.625000 0.575470
0.630000 0.575500
0.635000 0.575520
0.640000 0.575540
0.645000 0.575560
0.650000 0.575570
0.655000 0.575600
0.660000 0.575650
0.665000 0.575700
0.670000 0.575750
0.675000 0.575800
0.680000 0.575840
0.685000 0.575880
0.690000 0.575980
0.695000 0.576230
0.700000 0.576970
0.705000 0.579270
0.710000 0.586560
0.715000 0.609800
0.720000 0.683980
0.725000 0.920350
0.730000 1.672370
0.735000 3.264030
0.740000 4.932110
0.745000 5.989460
0.750000 6.008710
0.755000 6.008470
0.760000 6.007890
0.765000 6.004050
0.770000 5.975050
0.775000 5.759100
0.780000 4.520330
0.785000 2.073470
0.790000 1.001380
0.795000 0.998180
0.800000 1.000000
0.805000 1.000000
0.810000 1.000000
0.815000 1.000000
0.820000 1.000000
0.825000 1.000000
0.830000 1.000000
0.835000 1.000000
0.840000 1.000000
0.845000 1.000000
0.850000 1.000000
0.855000 1.000000
0.860000 1.000000
0.865000 1.000000
0.870000 1.000000
0.875000 1.000000
0.880000 1.000000
0.885000 1.000000
0.890000 1.000000
0.895000 1.000000
0.900000 1.000000
0.905000 1.000000
0.910000 1.000000
0.915000 1.000000
0.920000 1.000000
0.925000 1.000000
0.930000 1.000000
0.935000 1.000000
0.940000 1.000000
0.945000 1.000000
0.950000 1.000000
0.955000 1.000000
0.960000 1.000000
0.965000 1.000000
0.970000 1.000000
0.975000 1.000000
0.980000 1.000000
0.985000 1.000000
0.990000 1.000000
0.995000 0.999990
1.000000 0.999990
