0.000000 0.999220
0.005000 0.999220
0.010000 0.999220
0.015000 0.998480
0.020000 0.997790
0.025000 0.996540
0.030000 0.994930
0.035000 0.992660
0.040000 0.989750
0.045000 0.986040
0.050000 0.981560
0.055000 0.976300
0.060000 0.970350
0.065000 0.963810
0.070000 0.956800
0.075000 0.949420
0.080000 0.941790
0.085000 0.933980
0.090000 0.926030
0.095000 0.918010
0.100000 0.909930
0.105000 0.901820
0.110000 0.893700
0.115000 0.885590
0.120000 0.877480
0.125000 0.869390
0.130000 0.861330
0.135000 0.853290
0.140000 0.845290
0.145000 0.837320
0.150000 0.829390
0.155000 0.821500
0.160000 0.813650
0.165000 0.805840
0.170000 0.798080
0.175000 0.790360
0.180000 0.782690
0.185000 0.775070
0.190000 0.767490
0.195000 0.759960
0.200000 0.752480
0.205000 0.745040
0.210000 0.737660
0.215000 0.730330
0.220000 0.723040
0.225000 0.715810
0.230000 0.708630
0.235000 0.701500
0.240000 0.694410
0.245000 0.687390
0.250000 0.680410
0.255000 0.673480
0.260000 0.666610
0.265000 0.659790
0.270000 0.653010
0.275000 0.646300
0.280000 0.639630
0.285000 0.633010
0.290000 0.626440
0.295000 0.619920
0.300000 0.613440
0.305000 0.607010
0.310000 0.600610
0.315000 0.594250
0.320000 0.587930
0.325000 0.581660
0.330000 0.575560
0.335000 0.569950
0.340000 0.565410
0.345000 0.562460
0.350000 0.561070
0.355000 0.560670
0.360000 0.560640
0.365000 0.560870
0.370000 0.561790
0.375000 0.563960
0.380000 0.566750
0.385000 0.568690
0.390000 0.569800
0.395000 0.570560
0.400000 0.571210
0.405000 0.571800
0.410000 0.572290
0.415000 0.572680
0.420000 0.573000
0.425000 0.573270
0.430000 0.573510
0.435000 0.573710
0.440000 0.573890
0.445000 0.574040
0.450000 0.574180
0.455000 0.574300
0.460000 0.574400
0.465000 0.574500
0.470000 0.574590
0.475000 0.574660
0.480000 0.574740
0.485000 0.574800
0.490000 0.574860
0.495000 0.574920
0.500000 0.574970
0.505000 0.575020
0.510000 0.575060
0.515000 0.575100
0.520000 0.575140
0.525000 0.575170
0.530000 0.575200
0.535000 0.575230
0.540000 0.575260
0.545000 0.575280
0.550000 0.575310
0.555000 0.575330
0.560000 0.575350
0.565000 0.575370
0.570000 0.575390
0.575000 0.575400
0.580000 0.575410
0.585000 0.575420
0.590000 0.575420
0.595000 0.575420
0.600000 0.575420
0.605000 0.575410
0.610000 0.575400
0.615000 0.575380
0.620000 0.575360
0.625000 0.575330
0.630000 0.575300
0.635000 0.575250
0.640000 0.575210
0.645000 0.575160
0.650000 0.575110
0.655000 0.575060
0.660000 0.575000
0.665000 0.574940
0.670000 0.574920
0.675000 0.574910
0.680000 0.574950
0.685000 0.575130
0.690000 0.575780
0.695000 0.577860
0.700000 0.584000
0.705000 0.600990
0.710000 0.645340
0.715000 0.754470
0.720000 1.005160
0.725000 1.524410
0.730000 2.409170
0.735000 3.490400
0.740000 4.407200
0.745000 5.035140
0.750000 5.431720
0.755000 5.671080
0.760000 5.809990
0.765000 5.883870
0.770000 5.891710
0.775000 5.688880
0.780000 4.638290
0.785000 2.465740
0.790000 1.202810
0.795000 1.021530
0.800000 1.001490
0.805000 1.000000
0.810000 1.000000
0.815000 1.000000
0.820000 1.000000
0.825000 1.000000
0.830000 1.000000
0.835000 1.000000
0.840000 1.000000
0.845000 1.000000
0.850000 1.000000
0.855000 1.000000
0.860000 1.000000
0.865000 1.000000
0.870000 1.000000
0.875000 1.000000
0.880000 1.000000
0.885000 1.000000
0.890000 1.000000
0.895000 1.000000
0.900000 1.000000
0.905000 1.000000
0.910000 1.000000
0.915000 1.000000
0.920000 1.000000
0.925000 1.000000
0.930000 1.000000
0.935000 1.000000
0.940000 1.000000
0.945000 1.000000
0.950000 1.000000
0.955000 1.000000
0.960000 1.000000
0.965000 1.000000
0.970000 1.000000
0.975000 1.000000
0.980000 1.000000
0.985000 1.000000
0.990000 1.000000
0.995000 0.999990
1.000000 0.999990
